month	day	year	date	cohort	max	min
1	1	2023	2023-01-01	f21	270	202
1	1	2023	2023-01-01	f22	40	0
1	1	2023	2023-01-01	lf22	201	156
1	1	2023	2023-01-01	s22	57	41
1	1	2023	2023-01-01	w22	155	58
1	2	2023	2023-01-02	f21	270	203
1	2	2023	2023-01-02	f22	40	0
1	2	2023	2023-01-02	lf22	202	157
1	2	2023	2023-01-02	s22	58	41
1	2	2023	2023-01-02	w22	156	59
1	3	2023	2023-01-03	f21	270	205
1	3	2023	2023-01-03	f22	40	0
1	3	2023	2023-01-03	lf22	204	158
1	3	2023	2023-01-03	s22	58	41
1	3	2023	2023-01-03	w22	157	59
1	4	2023	2023-01-04	f21	270	206
1	4	2023	2023-01-04	f22	40	0
1	4	2023	2023-01-04	lf22	205	159
1	4	2023	2023-01-04	s22	59	41
1	4	2023	2023-01-04	w22	158	60
1	5	2023	2023-01-05	f21	270	207
1	5	2023	2023-01-05	f22	41	0
1	5	2023	2023-01-05	lf22	206	161
1	5	2023	2023-01-05	s22	59	42
1	5	2023	2023-01-05	w22	160	60
1	6	2023	2023-01-06	f21	270	209
1	6	2023	2023-01-06	f22	41	0
1	6	2023	2023-01-06	lf22	208	162
1	6	2023	2023-01-06	s22	60	42
1	6	2023	2023-01-06	w22	161	61
1	7	2023	2023-01-07	f21	270	210
1	7	2023	2023-01-07	f22	41	0
1	7	2023	2023-01-07	lf22	209	163
1	7	2023	2023-01-07	s22	60	42
1	7	2023	2023-01-07	w22	162	61
1	8	2023	2023-01-08	f21	270	211
1	8	2023	2023-01-08	f22	42	0
1	8	2023	2023-01-08	lf22	210	165
1	8	2023	2023-01-08	s22	61	43
1	8	2023	2023-01-08	w22	164	62
1	9	2023	2023-01-09	f21	270	213
1	9	2023	2023-01-09	f22	42	0
1	9	2023	2023-01-09	lf22	212	166
1	9	2023	2023-01-09	s22	61	43
1	9	2023	2023-01-09	w22	165	62
1	10	2023	2023-01-10	f21	270	214
1	10	2023	2023-01-10	f22	42	0
1	10	2023	2023-01-10	lf22	213	167
1	10	2023	2023-01-10	s22	62	43
1	10	2023	2023-01-10	w22	166	63
1	11	2023	2023-01-11	f21	270	216
1	11	2023	2023-01-11	f22	42	0
1	11	2023	2023-01-11	lf22	215	169
1	11	2023	2023-01-11	s22	62	43
1	11	2023	2023-01-11	w22	168	63
1	12	2023	2023-01-12	f21	270	217
1	12	2023	2023-01-12	f22	43	0
1	12	2023	2023-01-12	lf22	216	170
1	12	2023	2023-01-12	s22	63	44
1	12	2023	2023-01-12	w22	169	64
1	13	2023	2023-01-13	f21	270	218
1	13	2023	2023-01-13	f22	43	0
1	13	2023	2023-01-13	lf22	217	172
1	13	2023	2023-01-13	s22	63	44
1	13	2023	2023-01-13	w22	171	64
1	14	2023	2023-01-14	f21	270	220
1	14	2023	2023-01-14	f22	43	0
1	14	2023	2023-01-14	lf22	219	173
1	14	2023	2023-01-14	s22	64	44
1	14	2023	2023-01-14	w22	172	65
1	15	2023	2023-01-15	f21	270	221
1	15	2023	2023-01-15	f22	44	0
1	15	2023	2023-01-15	lf22	220	174
1	15	2023	2023-01-15	s22	64	45
1	15	2023	2023-01-15	w22	173	65
1	16	2023	2023-01-16	f21	270	223
1	16	2023	2023-01-16	f22	44	0
1	16	2023	2023-01-16	lf22	222	176
1	16	2023	2023-01-16	s22	65	45
1	16	2023	2023-01-16	w22	175	66
1	17	2023	2023-01-17	f21	270	224
1	17	2023	2023-01-17	f22	44	0
1	17	2023	2023-01-17	lf22	223	177
1	17	2023	2023-01-17	s22	65	45
1	17	2023	2023-01-17	w22	176	66
1	18	2023	2023-01-18	f21	270	226
1	18	2023	2023-01-18	f22	44	0
1	18	2023	2023-01-18	lf22	225	179
1	18	2023	2023-01-18	s22	66	45
1	18	2023	2023-01-18	w22	178	67
1	19	2023	2023-01-19	f21	270	227
1	19	2023	2023-01-19	f22	45	0
1	19	2023	2023-01-19	lf22	226	180
1	19	2023	2023-01-19	s22	67	46
1	19	2023	2023-01-19	w22	179	68
1	20	2023	2023-01-20	f21	270	229
1	20	2023	2023-01-20	f22	45	0
1	20	2023	2023-01-20	lf22	228	182
1	20	2023	2023-01-20	s22	67	46
1	20	2023	2023-01-20	w22	181	68
1	21	2023	2023-01-21	f21	270	230
1	21	2023	2023-01-21	f22	45	0
1	21	2023	2023-01-21	lf22	229	183
1	21	2023	2023-01-21	s22	68	46
1	21	2023	2023-01-21	w22	182	69
1	22	2023	2023-01-22	f21	270	232
1	22	2023	2023-01-22	f22	46	0
1	22	2023	2023-01-22	lf22	231	185
1	22	2023	2023-01-22	s22	68	47
1	22	2023	2023-01-22	w22	184	69
1	23	2023	2023-01-23	f21	270	233
1	23	2023	2023-01-23	f22	46	0
1	23	2023	2023-01-23	lf22	232	186
1	23	2023	2023-01-23	s22	69	47
1	23	2023	2023-01-23	w22	185	70
1	24	2023	2023-01-24	f21	270	235
1	24	2023	2023-01-24	f22	46	0
1	24	2023	2023-01-24	lf22	234	188
1	24	2023	2023-01-24	s22	69	47
1	24	2023	2023-01-24	w22	187	70
1	25	2023	2023-01-25	f21	270	236
1	25	2023	2023-01-25	f22	47	0
1	25	2023	2023-01-25	lf22	235	189
1	25	2023	2023-01-25	s22	70	48
1	25	2023	2023-01-25	w22	188	71
1	26	2023	2023-01-26	f21	270	238
1	26	2023	2023-01-26	f22	47	0
1	26	2023	2023-01-26	lf22	237	191
1	26	2023	2023-01-26	s22	70	48
1	26	2023	2023-01-26	w22	190	71
1	27	2023	2023-01-27	f21	270	239
1	27	2023	2023-01-27	f22	47	0
1	27	2023	2023-01-27	lf22	238	192
1	27	2023	2023-01-27	s22	71	48
1	27	2023	2023-01-27	w22	191	72
1	28	2023	2023-01-28	f21	270	241
1	28	2023	2023-01-28	f22	48	0
1	28	2023	2023-01-28	lf22	240	194
1	28	2023	2023-01-28	s22	72	49
1	28	2023	2023-01-28	w22	193	73
1	29	2023	2023-01-29	f21	270	243
1	29	2023	2023-01-29	f22	48	0
1	29	2023	2023-01-29	lf22	242	195
1	29	2023	2023-01-29	s22	72	49
1	29	2023	2023-01-29	w22	194	73
1	30	2023	2023-01-30	f21	270	244
1	30	2023	2023-01-30	f22	48	0
1	30	2023	2023-01-30	lf22	243	197
1	30	2023	2023-01-30	s22	73	49
1	30	2023	2023-01-30	w22	196	74
1	31	2023	2023-01-31	f21	270	246
1	31	2023	2023-01-31	f22	49	0
1	31	2023	2023-01-31	lf22	245	199
1	31	2023	2023-01-31	s22	73	50
1	31	2023	2023-01-31	w22	198	74
2	1	2023	2023-02-01	f21	270	247
2	1	2023	2023-02-01	f22	49	0
2	1	2023	2023-02-01	lf22	246	200
2	1	2023	2023-02-01	s22	74	50
2	1	2023	2023-02-01	w22	199	75
2	2	2023	2023-02-02	f21	270	249
2	2	2023	2023-02-02	f22	49	0
2	2	2023	2023-02-02	lf22	248	202
2	2	2023	2023-02-02	s22	75	50
2	2	2023	2023-02-02	w22	201	76
2	3	2023	2023-02-03	f21	270	251
2	3	2023	2023-02-03	f22	49	0
2	3	2023	2023-02-03	lf22	250	203
2	3	2023	2023-02-03	s22	75	50
2	3	2023	2023-02-03	w22	202	76
2	4	2023	2023-02-04	f21	270	252
2	4	2023	2023-02-04	f22	50	0
2	4	2023	2023-02-04	lf22	251	205
2	4	2023	2023-02-04	s22	76	51
2	4	2023	2023-02-04	w22	204	77
2	5	2023	2023-02-05	f21	270	254
2	5	2023	2023-02-05	f22	50	0
2	5	2023	2023-02-05	lf22	253	207
2	5	2023	2023-02-05	s22	77	51
2	5	2023	2023-02-05	w22	206	78
2	6	2023	2023-02-06	f21	270	256
2	6	2023	2023-02-06	f22	50	0
2	6	2023	2023-02-06	lf22	255	208
2	6	2023	2023-02-06	s22	77	51
2	6	2023	2023-02-06	w22	207	78
2	7	2023	2023-02-07	f21	270	257
2	7	2023	2023-02-07	f22	51	0
2	7	2023	2023-02-07	lf22	256	210
2	7	2023	2023-02-07	s22	78	52
2	7	2023	2023-02-07	w22	209	79
2	8	2023	2023-02-08	f21	270	259
2	8	2023	2023-02-08	f22	51	0
2	8	2023	2023-02-08	lf22	258	212
2	8	2023	2023-02-08	s22	78	52
2	8	2023	2023-02-08	w22	211	79
2	9	2023	2023-02-09	f21	270	261
2	9	2023	2023-02-09	f22	52	0
2	9	2023	2023-02-09	lf22	260	214
2	9	2023	2023-02-09	s22	79	53
2	9	2023	2023-02-09	w22	213	80
2	10	2023	2023-02-10	f21	270	262
2	10	2023	2023-02-10	f22	52	0
2	10	2023	2023-02-10	lf22	261	215
2	10	2023	2023-02-10	s22	80	53
2	10	2023	2023-02-10	w22	214	81
2	11	2023	2023-02-11	f21	270	264
2	11	2023	2023-02-11	f22	52	0
2	11	2023	2023-02-11	lf22	263	217
2	11	2023	2023-02-11	s22	80	53
2	11	2023	2023-02-11	w22	216	81
2	12	2023	2023-02-12	f21	270	266
2	12	2023	2023-02-12	f22	53	0
2	12	2023	2023-02-12	lf22	265	219
2	12	2023	2023-02-12	s22	81	54
2	12	2023	2023-02-12	w22	218	82
2	13	2023	2023-02-13	f21	270	268
2	13	2023	2023-02-13	f22	53	0
2	13	2023	2023-02-13	lf22	267	221
2	13	2023	2023-02-13	s22	82	54
2	13	2023	2023-02-13	w22	220	83
2	14	2023	2023-02-14	f21	270	269
2	14	2023	2023-02-14	f22	53	0
2	14	2023	2023-02-14	lf22	268	222
2	14	2023	2023-02-14	s22	82	54
2	14	2023	2023-02-14	w22	221	83
2	15	2023	2023-02-15	f21	270	270
2	15	2023	2023-02-15	f22	54	0
2	15	2023	2023-02-15	lf22	269	224
2	15	2023	2023-02-15	s22	83	55
2	15	2023	2023-02-15	w22	223	84
2	16	2023	2023-02-16	f22	54	0
2	16	2023	2023-02-16	lf22	270	226
2	16	2023	2023-02-16	s22	84	55
2	16	2023	2023-02-16	w22	225	85
2	17	2023	2023-02-17	f22	54	0
2	17	2023	2023-02-17	lf22	270	228
2	17	2023	2023-02-17	s22	85	55
2	17	2023	2023-02-17	w22	227	86
2	18	2023	2023-02-18	f22	55	0
2	18	2023	2023-02-18	lf22	270	230
2	18	2023	2023-02-18	s22	85	56
2	18	2023	2023-02-18	w22	229	86
2	19	2023	2023-02-19	f22	55	0
2	19	2023	2023-02-19	lf22	270	232
2	19	2023	2023-02-19	s22	86	56
2	19	2023	2023-02-19	w22	231	87
2	20	2023	2023-02-20	f22	55	0
2	20	2023	2023-02-20	lf22	270	234
2	20	2023	2023-02-20	s22	87	56
2	20	2023	2023-02-20	w22	233	88
2	21	2023	2023-02-21	f22	56	0
2	21	2023	2023-02-21	lf22	270	235
2	21	2023	2023-02-21	s22	87	57
2	21	2023	2023-02-21	w22	234	88
2	22	2023	2023-02-22	f22	56	0
2	22	2023	2023-02-22	lf22	270	237
2	22	2023	2023-02-22	s22	88	57
2	22	2023	2023-02-22	w22	236	89
2	23	2023	2023-02-23	f22	57	0
2	23	2023	2023-02-23	lf22	270	239
2	23	2023	2023-02-23	s22	89	58
2	23	2023	2023-02-23	w22	238	90
2	24	2023	2023-02-24	f22	57	0
2	24	2023	2023-02-24	lf22	270	241
2	24	2023	2023-02-24	s22	90	58
2	24	2023	2023-02-24	w22	240	91
2	25	2023	2023-02-25	f22	57	0
2	25	2023	2023-02-25	lf22	270	243
2	25	2023	2023-02-25	s22	90	58
2	25	2023	2023-02-25	w22	242	91
2	26	2023	2023-02-26	f22	58	0
2	26	2023	2023-02-26	lf22	270	245
2	26	2023	2023-02-26	s22	91	59
2	26	2023	2023-02-26	w22	244	92
2	27	2023	2023-02-27	f22	58	0
2	27	2023	2023-02-27	lf22	270	247
2	27	2023	2023-02-27	s22	92	59
2	27	2023	2023-02-27	w22	246	93
2	28	2023	2023-02-28	f22	58	0
2	28	2023	2023-02-28	lf22	270	249
2	28	2023	2023-02-28	s22	93	59
2	28	2023	2023-02-28	w22	248	94
2	29	2023	2023-02-29	f22	58	0
2	29	2023	2023-02-29	lf22	270	249
2	29	2023	2023-02-29	s22	93	59
2	29	2023	2023-02-29	w22	248	94
3	1	2023	2023-03-01	f22	59	0
3	1	2023	2023-03-01	lf22	270	251
3	1	2023	2023-03-01	s22	93	60
3	1	2023	2023-03-01	w22	250	94
3	2	2023	2023-03-02	f22	59	0
3	2	2023	2023-03-02	lf22	270	253
3	2	2023	2023-03-02	s22	94	60
3	2	2023	2023-03-02	w22	252	95
3	3	2023	2023-03-03	f22	60	0
3	3	2023	2023-03-03	lf22	270	255
3	3	2023	2023-03-03	s22	95	61
3	3	2023	2023-03-03	w22	254	96
3	4	2023	2023-03-04	f22	60	0
3	4	2023	2023-03-04	lf22	270	257
3	4	2023	2023-03-04	s22	96	61
3	4	2023	2023-03-04	w22	256	97
3	5	2023	2023-03-05	f22	60	0
3	5	2023	2023-03-05	lf22	270	260
3	5	2023	2023-03-05	s22	96	61
3	5	2023	2023-03-05	w22	259	97
3	6	2023	2023-03-06	f22	61	0
3	6	2023	2023-03-06	lf22	270	262
3	6	2023	2023-03-06	s22	97	62
3	6	2023	2023-03-06	w22	261	98
3	7	2023	2023-03-07	f22	61	0
3	7	2023	2023-03-07	lf22	270	264
3	7	2023	2023-03-07	s22	98	62
3	7	2023	2023-03-07	w22	263	99
3	8	2023	2023-03-08	f22	62	0
3	8	2023	2023-03-08	lf22	270	266
3	8	2023	2023-03-08	s22	99	63
3	8	2023	2023-03-08	w22	265	100
3	9	2023	2023-03-09	f22	62	0
3	9	2023	2023-03-09	lf22	270	268
3	9	2023	2023-03-09	s22	100	63
3	9	2023	2023-03-09	w22	267	101
3	10	2023	2023-03-10	f22	63	0
3	10	2023	2023-03-10	lf22	270	270
3	10	2023	2023-03-10	s22	100	64
3	10	2023	2023-03-10	w22	269	101
3	11	2023	2023-03-11	f22	63	0
3	11	2023	2023-03-11	s22	101	64
3	11	2023	2023-03-11	w22	272	102
3	12	2023	2023-03-12	f22	63	0
3	12	2023	2023-03-12	s22	102	64
3	12	2023	2023-03-12	w22	274	103
3	13	2023	2023-03-13	f22	64	0
3	13	2023	2023-03-13	s22	103	65
3	13	2023	2023-03-13	w22	276	104
3	14	2023	2023-03-14	f22	64	0
3	14	2023	2023-03-14	s22	104	65
3	14	2023	2023-03-14	w22	278	105
3	15	2023	2023-03-15	f22	65	0
3	15	2023	2023-03-15	s22	105	66
3	15	2023	2023-03-15	w22	281	106
3	16	2023	2023-03-16	f22	65	0
3	16	2023	2023-03-16	s22	106	66
3	16	2023	2023-03-16	w22	283	107
3	17	2023	2023-03-17	f22	66	0
3	17	2023	2023-03-17	s22	106	67
3	17	2023	2023-03-17	w22	285	107
3	18	2023	2023-03-18	f22	66	0
3	18	2023	2023-03-18	s22	107	67
3	18	2023	2023-03-18	w22	287	108
3	19	2023	2023-03-19	f22	66	0
3	19	2023	2023-03-19	s22	108	67
3	19	2023	2023-03-19	w22	290	109
3	20	2023	2023-03-20	f22	67	0
3	20	2023	2023-03-20	s22	109	68
3	20	2023	2023-03-20	w22	292	110
3	21	2023	2023-03-21	f22	67	0
3	21	2023	2023-03-21	s22	110	68
3	21	2023	2023-03-21	w22	295	111
3	22	2023	2023-03-22	f22	68	0
3	22	2023	2023-03-22	s22	111	69
3	22	2023	2023-03-22	w22	297	112
3	23	2023	2023-03-23	f22	68	0
3	23	2023	2023-03-23	s22	112	69
3	23	2023	2023-03-23	w22	299	113
3	24	2023	2023-03-24	f22	69	0
3	24	2023	2023-03-24	s22	113	70
3	24	2023	2023-03-24	w22	300	114
3	25	2023	2023-03-25	f22	69	0
3	25	2023	2023-03-25	s22	114	70
3	25	2023	2023-03-25	w22	300	115
3	26	2023	2023-03-26	f22	70	0
3	26	2023	2023-03-26	s22	115	71
3	26	2023	2023-03-26	w22	300	116
3	27	2023	2023-03-27	f22	70	0
3	27	2023	2023-03-27	s22	116	71
3	27	2023	2023-03-27	w22	300	117
3	28	2023	2023-03-28	f22	71	0
3	28	2023	2023-03-28	s22	117	72
3	28	2023	2023-03-28	w22	300	118
3	29	2023	2023-03-29	f22	71	0
3	29	2023	2023-03-29	s22	117	72
3	29	2023	2023-03-29	w22	300	118
3	30	2023	2023-03-30	f22	71	0
3	30	2023	2023-03-30	s22	118	72
3	30	2023	2023-03-30	w22	300	119
3	31	2023	2023-03-31	f22	72	0
3	31	2023	2023-03-31	s22	119	73
3	31	2023	2023-03-31	w22	300	120
4	1	2023	2023-04-01	f22	72	33
4	1	2023	2023-04-01	lf24	32	0
4	1	2023	2023-04-01	s22	120	73
4	1	2023	2023-04-01	w22	300	121
4	2	2023	2023-04-02	f22	73	33
4	2	2023	2023-04-02	lf24	32	0
4	2	2023	2023-04-02	s22	121	74
4	2	2023	2023-04-02	w22	300	122
4	3	2023	2023-04-03	f22	73	34
4	3	2023	2023-04-03	lf24	33	0
4	3	2023	2023-04-03	s22	122	74
4	3	2023	2023-04-03	w22	300	123
4	4	2023	2023-04-04	f22	74	34
4	4	2023	2023-04-04	lf24	33	0
4	4	2023	2023-04-04	s22	123	75
4	4	2023	2023-04-04	w22	300	124
4	5	2023	2023-04-05	f22	74	34
4	5	2023	2023-04-05	lf24	33	0
4	5	2023	2023-04-05	s22	124	75
4	5	2023	2023-04-05	w22	300	125
4	6	2023	2023-04-06	f22	75	34
4	6	2023	2023-04-06	lf24	33	0
4	6	2023	2023-04-06	s22	125	76
4	6	2023	2023-04-06	w22	300	126
4	7	2023	2023-04-07	f22	75	34
4	7	2023	2023-04-07	lf24	33	0
4	7	2023	2023-04-07	s22	127	76
4	7	2023	2023-04-07	w22	300	128
4	8	2023	2023-04-08	f22	76	35
4	8	2023	2023-04-08	lf24	34	0
4	8	2023	2023-04-08	s22	128	77
4	8	2023	2023-04-08	w22	300	129
4	9	2023	2023-04-09	f22	76	35
4	9	2023	2023-04-09	lf24	34	0
4	9	2023	2023-04-09	s22	129	77
4	9	2023	2023-04-09	w22	300	130
4	10	2023	2023-04-10	f22	77	35
4	10	2023	2023-04-10	lf24	34	0
4	10	2023	2023-04-10	s22	130	78
4	10	2023	2023-04-10	w22	300	131
4	11	2023	2023-04-11	f22	77	35
4	11	2023	2023-04-11	lf24	34	0
4	11	2023	2023-04-11	s22	131	78
4	11	2023	2023-04-11	w22	300	132
4	12	2023	2023-04-12	f22	78	36
4	12	2023	2023-04-12	lf24	35	0
4	12	2023	2023-04-12	s22	132	79
4	12	2023	2023-04-12	w22	300	133
4	13	2023	2023-04-13	f22	78	36
4	13	2023	2023-04-13	lf24	35	0
4	13	2023	2023-04-13	s22	133	79
4	13	2023	2023-04-13	w22	300	134
4	14	2023	2023-04-14	f22	79	36
4	14	2023	2023-04-14	lf24	35	0
4	14	2023	2023-04-14	s22	134	80
4	14	2023	2023-04-14	w22	300	135
4	15	2023	2023-04-15	f22	79	36
4	15	2023	2023-04-15	lf24	35	0
4	15	2023	2023-04-15	s22	135	80
4	15	2023	2023-04-15	w22	300	136
4	16	2023	2023-04-16	f22	80	37
4	16	2023	2023-04-16	lf24	36	0
4	16	2023	2023-04-16	s22	136	81
4	16	2023	2023-04-16	w22	300	137
4	17	2023	2023-04-17	f22	81	37
4	17	2023	2023-04-17	lf24	36	0
4	17	2023	2023-04-17	s22	137	82
4	17	2023	2023-04-17	w22	300	138
4	18	2023	2023-04-18	f22	81	37
4	18	2023	2023-04-18	lf24	36	0
4	18	2023	2023-04-18	s22	138	82
4	18	2023	2023-04-18	w22	300	139
4	19	2023	2023-04-19	f22	82	37
4	19	2023	2023-04-19	lf24	36	0
4	19	2023	2023-04-19	s22	140	83
4	19	2023	2023-04-19	w22	300	141
4	20	2023	2023-04-20	f22	82	38
4	20	2023	2023-04-20	lf24	37	0
4	20	2023	2023-04-20	s22	141	83
4	20	2023	2023-04-20	w22	300	142
4	21	2023	2023-04-21	f22	83	38
4	21	2023	2023-04-21	lf24	37	0
4	21	2023	2023-04-21	s22	142	84
4	21	2023	2023-04-21	w22	300	143
4	22	2023	2023-04-22	f22	83	38
4	22	2023	2023-04-22	lf24	37	0
4	22	2023	2023-04-22	s22	143	84
4	22	2023	2023-04-22	w22	300	144
4	23	2023	2023-04-23	f22	84	38
4	23	2023	2023-04-23	lf24	37	0
4	23	2023	2023-04-23	s22	144	85
4	23	2023	2023-04-23	w22	300	145
4	24	2023	2023-04-24	f22	84	39
4	24	2023	2023-04-24	lf24	38	0
4	24	2023	2023-04-24	s22	145	85
4	24	2023	2023-04-24	w22	300	146
4	25	2023	2023-04-25	f22	85	39
4	25	2023	2023-04-25	lf24	38	0
4	25	2023	2023-04-25	s22	147	86
4	25	2023	2023-04-25	w22	300	148
4	26	2023	2023-04-26	f22	86	39
4	26	2023	2023-04-26	lf24	38	0
4	26	2023	2023-04-26	s22	148	87
4	26	2023	2023-04-26	w22	300	149
4	27	2023	2023-04-27	f22	86	39
4	27	2023	2023-04-27	lf24	38	0
4	27	2023	2023-04-27	s22	149	87
4	27	2023	2023-04-27	w22	300	150
4	28	2023	2023-04-28	f22	87	40
4	28	2023	2023-04-28	lf24	39	0
4	28	2023	2023-04-28	s22	150	88
4	28	2023	2023-04-28	w22	300	151
4	29	2023	2023-04-29	f22	87	40
4	29	2023	2023-04-29	lf24	39	0
4	29	2023	2023-04-29	s22	152	88
4	29	2023	2023-04-29	w22	300	153
4	30	2023	2023-04-30	f22	88	40
4	30	2023	2023-04-30	lf24	39	0
4	30	2023	2023-04-30	s22	153	89
4	30	2023	2023-04-30	w22	300	154
5	1	2023	2023-05-01	f22	88	40
5	1	2023	2023-05-01	lf24	39	0
5	1	2023	2023-05-01	s22	154	89
5	1	2023	2023-05-01	w22	300	155
5	2	2023	2023-05-02	f22	89	41
5	2	2023	2023-05-02	lf24	40	0
5	2	2023	2023-05-02	s22	155	90
5	2	2023	2023-05-02	w22	300	156
5	3	2023	2023-05-03	f22	90	41
5	3	2023	2023-05-03	lf24	40	0
5	3	2023	2023-05-03	s22	157	91
5	3	2023	2023-05-03	w22	300	158
5	4	2023	2023-05-04	f22	90	41
5	4	2023	2023-05-04	lf24	40	0
5	4	2023	2023-05-04	s22	158	91
5	4	2023	2023-05-04	w22	300	159
5	5	2023	2023-05-05	f22	91	41
5	5	2023	2023-05-05	lf24	40	0
5	5	2023	2023-05-05	s22	159	92
5	5	2023	2023-05-05	w22	300	160
5	6	2023	2023-05-06	f22	91	42
5	6	2023	2023-05-06	lf24	41	0
5	6	2023	2023-05-06	s22	161	92
5	6	2023	2023-05-06	w22	300	162
5	7	2023	2023-05-07	f22	92	42
5	7	2023	2023-05-07	lf24	41	0
5	7	2023	2023-05-07	s22	162	93
5	7	2023	2023-05-07	w22	300	163
5	8	2023	2023-05-08	f22	93	42
5	8	2023	2023-05-08	lf24	41	0
5	8	2023	2023-05-08	s22	163	94
5	8	2023	2023-05-08	w22	300	164
5	9	2023	2023-05-09	f22	93	43
5	9	2023	2023-05-09	lf24	42	0
5	9	2023	2023-05-09	s22	165	94
5	9	2023	2023-05-09	w22	300	166
5	10	2023	2023-05-10	f22	94	43
5	10	2023	2023-05-10	lf24	42	0
5	10	2023	2023-05-10	s22	166	95
5	10	2023	2023-05-10	w22	300	167
5	11	2023	2023-05-11	f22	94	43
5	11	2023	2023-05-11	lf24	42	0
5	11	2023	2023-05-11	s22	167	95
5	11	2023	2023-05-11	w22	300	168
5	12	2023	2023-05-12	f22	95	43
5	12	2023	2023-05-12	lf24	42	0
5	12	2023	2023-05-12	s22	169	96
5	12	2023	2023-05-12	w22	300	170
5	13	2023	2023-05-13	f22	96	44
5	13	2023	2023-05-13	lf24	43	0
5	13	2023	2023-05-13	s22	170	97
5	13	2023	2023-05-13	w22	300	171
5	14	2023	2023-05-14	f22	96	44
5	14	2023	2023-05-14	lf24	43	0
5	14	2023	2023-05-14	s22	171	97
5	14	2023	2023-05-14	w22	300	172
5	15	2023	2023-05-15	f22	97	44
5	15	2023	2023-05-15	lf24	43	0
5	15	2023	2023-05-15	s22	173	98
5	15	2023	2023-05-15	w22	300	174
5	16	2023	2023-05-16	f22	98	45
5	16	2023	2023-05-16	lf24	44	0
5	16	2023	2023-05-16	s22	174	99
5	16	2023	2023-05-16	w22	300	175
5	17	2023	2023-05-17	f22	98	45
5	17	2023	2023-05-17	lf24	44	0
5	17	2023	2023-05-17	s22	176	99
5	17	2023	2023-05-17	w22	300	177
5	18	2023	2023-05-18	f22	99	45
5	18	2023	2023-05-18	lf24	44	0
5	18	2023	2023-05-18	s22	177	100
5	18	2023	2023-05-18	w22	300	178
5	19	2023	2023-05-19	f22	100	45
5	19	2023	2023-05-19	lf24	44	0
5	19	2023	2023-05-19	s22	179	101
5	19	2023	2023-05-19	w22	300	180
5	20	2023	2023-05-20	f22	100	46
5	20	2023	2023-05-20	lf24	45	0
5	20	2023	2023-05-20	s22	180	101
5	20	2023	2023-05-20	w22	300	181
5	21	2023	2023-05-21	f22	101	46
5	21	2023	2023-05-21	lf24	45	0
5	21	2023	2023-05-21	s22	182	102
5	21	2023	2023-05-21	w22	300	183
5	22	2023	2023-05-22	f22	102	46
5	22	2023	2023-05-22	lf24	45	0
5	22	2023	2023-05-22	s22	183	103
5	22	2023	2023-05-22	w22	300	184
5	23	2023	2023-05-23	f22	102	47
5	23	2023	2023-05-23	lf24	46	0
5	23	2023	2023-05-23	s22	185	103
5	23	2023	2023-05-23	w22	300	186
5	24	2023	2023-05-24	f22	103	47
5	24	2023	2023-05-24	lf24	46	0
5	24	2023	2023-05-24	s22	186	104
5	24	2023	2023-05-24	w22	300	187
5	25	2023	2023-05-25	f22	104	47
5	25	2023	2023-05-25	lf24	46	0
5	25	2023	2023-05-25	s22	188	105
5	25	2023	2023-05-25	w22	300	189
5	26	2023	2023-05-26	f22	104	48
5	26	2023	2023-05-26	lf24	47	0
5	26	2023	2023-05-26	s22	189	105
5	26	2023	2023-05-26	w22	300	190
5	27	2023	2023-05-27	f22	105	48
5	27	2023	2023-05-27	lf24	47	0
5	27	2023	2023-05-27	s22	191	106
5	27	2023	2023-05-27	w22	300	192
5	28	2023	2023-05-28	f22	106	48
5	28	2023	2023-05-28	lf24	47	0
5	28	2023	2023-05-28	s22	192	107
5	28	2023	2023-05-28	w22	300	193
5	29	2023	2023-05-29	f22	106	49
5	29	2023	2023-05-29	lf24	48	0
5	29	2023	2023-05-29	s22	194	107
5	29	2023	2023-05-29	w22	300	195
5	30	2023	2023-05-30	f22	107	49
5	30	2023	2023-05-30	lf24	48	0
5	30	2023	2023-05-30	s22	195	108
5	30	2023	2023-05-30	w22	300	196
5	31	2023	2023-05-31	f22	108	49
5	31	2023	2023-05-31	lf24	48	0
5	31	2023	2023-05-31	s22	197	109
5	31	2023	2023-05-31	w22	300	198
6	1	2023	2023-06-01	f22	109	50
6	1	2023	2023-06-01	lf24	49	0
6	1	2023	2023-06-01	s22	199	110
6	1	2023	2023-06-01	w22	300	200
6	2	2023	2023-06-02	f22	109	50
6	2	2023	2023-06-02	lf24	49	0
6	2	2023	2023-06-02	s22	200	110
6	2	2023	2023-06-02	w22	300	201
6	3	2023	2023-06-03	f22	110	50
6	3	2023	2023-06-03	lf24	49	0
6	3	2023	2023-06-03	s22	202	111
6	3	2023	2023-06-03	w22	300	203
6	4	2023	2023-06-04	f22	111	50
6	4	2023	2023-06-04	lf24	49	0
6	4	2023	2023-06-04	s22	204	112
6	4	2023	2023-06-04	w22	300	205
6	5	2023	2023-06-05	f22	111	51
6	5	2023	2023-06-05	lf24	50	0
6	5	2023	2023-06-05	s22	205	112
6	5	2023	2023-06-05	w22	300	206
6	6	2023	2023-06-06	f22	112	51
6	6	2023	2023-06-06	lf24	50	0
6	6	2023	2023-06-06	s22	207	113
6	6	2023	2023-06-06	w22	300	208
6	7	2023	2023-06-07	f22	113	51
6	7	2023	2023-06-07	lf24	50	0
6	7	2023	2023-06-07	s22	209	114
6	7	2023	2023-06-07	w22	300	210
6	8	2023	2023-06-08	f22	114	52
6	8	2023	2023-06-08	lf24	51	0
6	8	2023	2023-06-08	s22	201	115
6	8	2023	2023-06-08	w22	300	211
6	9	2023	2023-06-09	f22	114	52
6	9	2023	2023-06-09	lf24	51	0
6	9	2023	2023-06-09	s22	212	115
6	9	2023	2023-06-09	w22	300	213
6	10	2023	2023-06-10	f22	115	53
6	10	2023	2023-06-10	lf24	52	0
6	10	2023	2023-06-10	s22	214	116
6	10	2023	2023-06-10	w22	300	215
6	11	2023	2023-06-11	f22	116	53
6	11	2023	2023-06-11	lf24	52	0
6	11	2023	2023-06-11	s22	216	117
6	11	2023	2023-06-11	w22	300	217
6	12	2023	2023-06-12	f22	117	53
6	12	2023	2023-06-12	lf24	52	0
6	12	2023	2023-06-12	s22	217	118
6	12	2023	2023-06-12	w22	300	218
6	13	2023	2023-06-13	f22	118	54
6	13	2023	2023-06-13	lf24	53	0
6	13	2023	2023-06-13	s22	219	119
6	13	2023	2023-06-13	w22	300	220
6	14	2023	2023-06-14	f22	118	54
6	14	2023	2023-06-14	lf24	53	0
6	14	2023	2023-06-14	s22	221	119
6	14	2023	2023-06-14	w22	300	222
6	15	2023	2023-06-15	f22	119	54
6	15	2023	2023-06-15	lf24	53	0
6	15	2023	2023-06-15	s22	223	120
6	15	2023	2023-06-15	w22	300	224
6	16	2023	2023-06-16	f22	120	55
6	16	2023	2023-06-16	lf24	54	0
6	16	2023	2023-06-16	s22	225	121
6	16	2023	2023-06-16	w22	300	226
6	17	2023	2023-06-17	f22	121	55
6	17	2023	2023-06-17	lf24	54	0
6	17	2023	2023-06-17	s22	227	122
6	17	2023	2023-06-17	w22	300	228
6	18	2023	2023-06-18	f22	122	55
6	18	2023	2023-06-18	lf24	54	0
6	18	2023	2023-06-18	s22	228	123
6	18	2023	2023-06-18	w22	300	229
6	19	2023	2023-06-19	f22	122	56
6	19	2023	2023-06-19	lf24	55	0
6	19	2023	2023-06-19	s22	230	123
6	19	2023	2023-06-19	w22	300	231
6	20	2023	2023-06-20	f22	123	56
6	20	2023	2023-06-20	lf24	55	0
6	20	2023	2023-06-20	s22	232	124
6	20	2023	2023-06-20	w22	300	233
6	21	2023	2023-06-21	f22	124	56
6	21	2023	2023-06-21	lf24	55	0
6	21	2023	2023-06-21	s22	234	125
6	21	2023	2023-06-21	w22	300	235
6	22	2023	2023-06-22	f22	125	57
6	22	2023	2023-06-22	lf24	56	0
6	22	2023	2023-06-22	s22	236	126
6	22	2023	2023-06-22	w22	300	237
6	23	2023	2023-06-23	f22	126	57
6	23	2023	2023-06-23	lf24	56	0
6	23	2023	2023-06-23	s22	238	127
6	23	2023	2023-06-23	w22	300	239
6	24	2023	2023-06-24	f22	126	58
6	24	2023	2023-06-24	lf24	57	0
6	24	2023	2023-06-24	s22	240	127
6	24	2023	2023-06-24	w22	300	241
6	25	2023	2023-06-25	f22	127	58
6	25	2023	2023-06-25	lf24	57	0
6	25	2023	2023-06-25	s22	242	128
6	25	2023	2023-06-25	w22	300	243
6	26	2023	2023-06-26	f22	128	58
6	26	2023	2023-06-26	lf24	57	0
6	26	2023	2023-06-26	s22	244	129
6	26	2023	2023-06-26	w22	300	245
6	27	2023	2023-06-27	f22	129	59
6	27	2023	2023-06-27	lf24	58	0
6	27	2023	2023-06-27	s22	246	130
6	27	2023	2023-06-27	w22	300	247
6	28	2023	2023-06-28	f22	130	59
6	28	2023	2023-06-28	lf24	58	0
6	28	2023	2023-06-28	s22	248	131
6	28	2023	2023-06-28	w22	300	249
6	29	2023	2023-06-29	f22	131	59
6	29	2023	2023-06-29	lf24	58	0
6	29	2023	2023-06-29	s22	250	132
6	29	2023	2023-06-29	w22	300	251
6	30	2023	2023-06-30	f22	132	60
6	30	2023	2023-06-30	lf24	59	0
6	30	2023	2023-06-30	s22	252	133
6	30	2023	2023-06-30	w22	300	253
7	1	2022	2022-07-01	f21	132	60
7	1	2022	2022-07-01	lf22	59	36
7	1	2022	2022-07-01	s21	254	133
7	1	2022	2022-07-01	w21	300	255
7	1	2022	2022-07-01	w22	35	0
7	2	2022	2022-07-02	f21	133	61
7	2	2022	2022-07-02	lf22	60	36
7	2	2022	2022-07-02	s21	256	134
7	2	2022	2022-07-02	w21	300	257
7	2	2022	2022-07-02	w22	35	0
7	3	2022	2022-07-03	f21	134	61
7	3	2022	2022-07-03	lf22	60	36
7	3	2022	2022-07-03	s21	258	135
7	3	2022	2022-07-03	w21	300	259
7	3	2022	2022-07-03	w22	35	0
7	4	2022	2022-07-04	f21	135	61
7	4	2022	2022-07-04	lf22	60	36
7	4	2022	2022-07-04	s21	260	136
7	4	2022	2022-07-04	w21	300	261
7	4	2022	2022-07-04	w22	35	0
7	5	2022	2022-07-05	f21	136	62
7	5	2022	2022-07-05	lf22	61	37
7	5	2022	2022-07-05	s21	262	137
7	5	2022	2022-07-05	w21	300	263
7	5	2022	2022-07-05	w22	36	0
7	6	2022	2022-07-06	f21	137	62
7	6	2022	2022-07-06	lf22	61	37
7	6	2022	2022-07-06	s21	265	138
7	6	2022	2022-07-06	w21	300	266
7	6	2022	2022-07-06	w22	36	0
7	7	2022	2022-07-07	f21	138	63
7	7	2022	2022-07-07	lf22	62	37
7	7	2022	2022-07-07	s21	267	139
7	7	2022	2022-07-07	w21	300	268
7	7	2022	2022-07-07	w22	36	0
7	8	2022	2022-07-08	f21	139	63
7	8	2022	2022-07-08	lf22	62	38
7	8	2022	2022-07-08	s21	269	140
7	8	2022	2022-07-08	w21	300	270
7	8	2022	2022-07-08	w22	37	0
7	9	2022	2022-07-09	f21	140	64
7	9	2022	2022-07-09	lf22	63	38
7	9	2022	2022-07-09	s21	271	141
7	9	2022	2022-07-09	w21	300	272
7	9	2022	2022-07-09	w22	37	0
7	10	2022	2022-07-10	f21	141	64
7	10	2022	2022-07-10	lf22	63	38
7	10	2022	2022-07-10	s21	273	142
7	10	2022	2022-07-10	w21	300	274
7	10	2022	2022-07-10	w22	37	0
7	11	2022	2022-07-11	f21	142	64
7	11	2022	2022-07-11	lf22	63	38
7	11	2022	2022-07-11	s21	276	143
7	11	2022	2022-07-11	w21	300	277
7	11	2022	2022-07-11	w22	37	0
7	12	2022	2022-07-12	f21	142	65
7	12	2022	2022-07-12	lf22	64	39
7	12	2022	2022-07-12	s21	278	143
7	12	2022	2022-07-12	w21	300	279
7	12	2022	2022-07-12	w22	38	0
7	13	2022	2022-07-13	f21	143	65
7	13	2022	2022-07-13	lf22	64	39
7	13	2022	2022-07-13	s21	280	144
7	13	2022	2022-07-13	w21	300	281
7	13	2022	2022-07-13	w22	38	0
7	14	2022	2022-07-14	f21	144	66
7	14	2022	2022-07-14	lf22	65	39
7	14	2022	2022-07-14	s21	283	145
7	14	2022	2022-07-14	w21	300	284
7	14	2022	2022-07-14	w22	38	0
7	15	2022	2022-07-15	f21	145	66
7	15	2022	2022-07-15	lf22	65	40
7	15	2022	2022-07-15	s21	285	146
7	15	2022	2022-07-15	w21	300	286
7	15	2022	2022-07-15	w22	39	0
7	16	2022	2022-07-16	f21	146	67
7	16	2022	2022-07-16	lf22	66	40
7	16	2022	2022-07-16	s21	287	147
7	16	2022	2022-07-16	w21	300	288
7	16	2022	2022-07-16	w22	39	0
7	17	2022	2022-07-17	f21	147	67
7	17	2022	2022-07-17	lf22	66	40
7	17	2022	2022-07-17	s21	290	148
7	17	2022	2022-07-17	w21	300	291
7	17	2022	2022-07-17	w22	39	0
7	18	2022	2022-07-18	f21	148	67
7	18	2022	2022-07-18	lf22	66	41
7	18	2022	2022-07-18	s21	292	149
7	18	2022	2022-07-18	w21	300	293
7	18	2022	2022-07-18	w22	40	0
7	19	2022	2022-07-19	f21	149	68
7	19	2022	2022-07-19	lf22	67	41
7	19	2022	2022-07-19	s21	294	150
7	19	2022	2022-07-19	w21	300	295
7	19	2022	2022-07-19	w22	40	0
7	20	2022	2022-07-20	f21	150	68
7	20	2022	2022-07-20	lf22	67	41
7	20	2022	2022-07-20	s21	297	151
7	20	2022	2022-07-20	w21	300	298
7	20	2022	2022-07-20	w22	40	0
7	21	2022	2022-07-21	f21	151	69
7	21	2022	2022-07-21	lf22	68	42
7	21	2022	2022-07-21	s21	300	152
7	21	2022	2022-07-21	w22	41	0
7	22	2022	2022-07-22	f21	152	69
7	22	2022	2022-07-22	lf22	68	42
7	22	2022	2022-07-22	s21	300	153
7	22	2022	2022-07-22	w22	41	0
7	23	2022	2022-07-23	f21	153	70
7	23	2022	2022-07-23	lf22	69	42
7	23	2022	2022-07-23	s21	300	154
7	23	2022	2022-07-23	w22	41	0
7	24	2022	2022-07-24	f21	154	70
7	24	2022	2022-07-24	lf22	69	43
7	24	2022	2022-07-24	s21	300	155
7	24	2022	2022-07-24	w22	42	0
7	25	2022	2022-07-25	f21	155	71
7	25	2022	2022-07-25	lf22	70	43
7	25	2022	2022-07-25	s21	300	156
7	25	2022	2022-07-25	w22	42	0
7	26	2022	2022-07-26	f21	156	71
7	26	2022	2022-07-26	lf22	70	43
7	26	2022	2022-07-26	s21	300	157
7	26	2022	2022-07-26	w22	42	0
7	27	2022	2022-07-27	f21	157	72
7	27	2022	2022-07-27	lf22	71	44
7	27	2022	2022-07-27	s21	300	158
7	27	2022	2022-07-27	w22	43	0
7	28	2022	2022-07-28	f21	158	72
7	28	2022	2022-07-28	lf22	71	44
7	28	2022	2022-07-28	s21	300	159
7	28	2022	2022-07-28	w22	43	0
7	29	2022	2022-07-29	f21	159	72
7	29	2022	2022-07-29	lf22	71	44
7	29	2022	2022-07-29	s21	300	160
7	29	2022	2022-07-29	w22	43	0
7	30	2022	2022-07-30	f21	160	73
7	30	2022	2022-07-30	lf22	72	45
7	30	2022	2022-07-30	s21	300	161
7	30	2022	2022-07-30	w22	44	0
7	31	2022	2022-07-31	f21	162	73
7	31	2022	2022-07-31	lf22	72	45
7	31	2022	2022-07-31	s21	300	163
7	31	2022	2022-07-31	w22	44	0
8	1	2022	2022-08-01	f21	163	74
8	1	2022	2022-08-01	lf22	73	45
8	1	2022	2022-08-01	s21	300	164
8	1	2022	2022-08-01	w22	44	0
8	2	2022	2022-08-02	f21	164	74
8	2	2022	2022-08-02	lf22	73	46
8	2	2022	2022-08-02	s21	300	165
8	2	2022	2022-08-02	w22	45	0
8	3	2022	2022-08-03	f21	165	75
8	3	2022	2022-08-03	lf22	74	46
8	3	2022	2022-08-03	s21	300	166
8	3	2022	2022-08-03	w22	45	0
8	4	2022	2022-08-04	f21	166	75
8	4	2022	2022-08-04	lf22	74	47
8	4	2022	2022-08-04	s21	300	167
8	4	2022	2022-08-04	w22	46	0
8	5	2022	2022-08-05	f21	167	76
8	5	2022	2022-08-05	lf22	75	47
8	5	2022	2022-08-05	s21	300	168
8	5	2022	2022-08-05	w22	46	0
8	6	2022	2022-08-06	f21	168	76
8	6	2022	2022-08-06	lf22	75	47
8	6	2022	2022-08-06	s21	300	169
8	6	2022	2022-08-06	w22	46	0
8	7	2022	2022-08-07	f21	169	77
8	7	2022	2022-08-07	lf22	76	48
8	7	2022	2022-08-07	s21	300	170
8	7	2022	2022-08-07	w22	47	0
8	8	2022	2022-08-08	f21	170	77
8	8	2022	2022-08-08	lf22	76	48
8	8	2022	2022-08-08	s21	300	171
8	8	2022	2022-08-08	w22	47	0
8	9	2022	2022-08-09	f21	171	78
8	9	2022	2022-08-09	lf22	77	48
8	9	2022	2022-08-09	s21	300	172
8	9	2022	2022-08-09	w22	47	0
8	10	2022	2022-08-10	f21	173	78
8	10	2022	2022-08-10	lf22	77	49
8	10	2022	2022-08-10	s21	300	174
8	10	2022	2022-08-10	w22	48	0
8	11	2022	2022-08-11	f21	174	79
8	11	2022	2022-08-11	lf22	78	49
8	11	2022	2022-08-11	s21	300	175
8	11	2022	2022-08-11	w22	48	0
8	12	2022	2022-08-12	f21	175	79
8	12	2022	2022-08-12	lf22	78	50
8	12	2022	2022-08-12	s21	300	176
8	12	2022	2022-08-12	w22	49	0
8	13	2022	2022-08-13	f21	176	80
8	13	2022	2022-08-13	lf22	79	50
8	13	2022	2022-08-13	s21	300	177
8	13	2022	2022-08-13	w22	49	0
8	14	2022	2022-08-14	f21	177	80
8	14	2022	2022-08-14	lf22	79	50
8	14	2022	2022-08-14	s21	300	178
8	14	2022	2022-08-14	w22	49	0
8	15	2022	2022-08-15	f21	178	81
8	15	2022	2022-08-15	lf22	80	51
8	15	2022	2022-08-15	s21	300	179
8	15	2022	2022-08-15	w22	50	0
8	16	2022	2022-08-16	f21	180	82
8	16	2022	2022-08-16	lf22	81	51
8	16	2022	2022-08-16	s21	300	181
8	16	2022	2022-08-16	w22	50	0
8	17	2022	2022-08-17	f21	181	82
8	17	2022	2022-08-17	lf22	81	52
8	17	2022	2022-08-17	s21	300	182
8	17	2022	2022-08-17	w22	51	0
8	18	2022	2022-08-18	f21	182	83
8	18	2022	2022-08-18	lf22	82	52
8	18	2022	2022-08-18	s21	300	183
8	18	2022	2022-08-18	w22	51	0
8	19	2022	2022-08-19	f21	183	83
8	19	2022	2022-08-19	lf22	82	52
8	19	2022	2022-08-19	s21	300	184
8	19	2022	2022-08-19	w22	51	0
8	20	2022	2022-08-20	f21	184	84
8	20	2022	2022-08-20	lf22	83	53
8	20	2022	2022-08-20	s21	300	185
8	20	2022	2022-08-20	w22	52	0
8	21	2022	2022-08-21	f21	186	84
8	21	2022	2022-08-21	lf22	83	53
8	21	2022	2022-08-21	s21	300	187
8	21	2022	2022-08-21	w22	52	0
8	22	2022	2022-08-22	f21	187	85
8	22	2022	2022-08-22	lf22	84	54
8	22	2022	2022-08-22	s21	300	188
8	22	2022	2022-08-22	w22	53	0
8	23	2022	2022-08-23	f21	188	85
8	23	2022	2022-08-23	lf22	84	54
8	23	2022	2022-08-23	s21	300	189
8	23	2022	2022-08-23	w22	53	0
8	24	2022	2022-08-24	f21	189	86
8	24	2022	2022-08-24	lf22	85	55
8	24	2022	2022-08-24	s21	300	190
8	24	2022	2022-08-24	w22	54	0
8	25	2022	2022-08-25	f21	191	87
8	25	2022	2022-08-25	lf22	86	55
8	25	2022	2022-08-25	s21	300	192
8	25	2022	2022-08-25	w22	54	0
8	26	2022	2022-08-26	f21	192	87
8	26	2022	2022-08-26	lf22	86	55
8	26	2022	2022-08-26	s21	300	193
8	26	2022	2022-08-26	w22	54	0
8	27	2022	2022-08-27	f21	193	88
8	27	2022	2022-08-27	lf22	87	56
8	27	2022	2022-08-27	s21	300	194
8	27	2022	2022-08-27	w22	55	0
8	28	2022	2022-08-28	f21	194	88
8	28	2022	2022-08-28	lf22	87	56
8	28	2022	2022-08-28	s21	300	195
8	28	2022	2022-08-28	w22	55	0
8	29	2022	2022-08-29	f21	196	89
8	29	2022	2022-08-29	lf22	88	57
8	29	2022	2022-08-29	s21	300	197
8	29	2022	2022-08-29	w22	56	0
8	30	2022	2022-08-30	f21	197	89
8	30	2022	2022-08-30	lf22	88	57
8	30	2022	2022-08-30	s21	300	198
8	30	2022	2022-08-30	w22	56	0
8	31	2022	2022-08-31	f21	198	90
8	31	2022	2022-08-31	lf22	89	58
8	31	2022	2022-08-31	s21	300	199
8	31	2022	2022-08-31	w22	57	0
9	1	2022	2022-09-01	f21	200	91
9	1	2022	2022-09-01	lf22	90	58
9	1	2022	2022-09-01	s21	300	201
9	1	2022	2022-09-01	w22	57	0
9	2	2022	2022-09-02	f21	201	91
9	2	2022	2022-09-02	lf22	90	59
9	2	2022	2022-09-02	s21	300	202
9	2	2022	2022-09-02	w22	58	0
9	3	2022	2022-09-03	f21	202	92
9	3	2022	2022-09-03	lf22	91	59
9	3	2022	2022-09-03	s21	300	203
9	3	2022	2022-09-03	w22	58	0
9	4	2022	2022-09-04	f21	204	92
9	4	2022	2022-09-04	lf22	91	60
9	4	2022	2022-09-04	s21	300	205
9	4	2022	2022-09-04	w22	59	0
9	5	2022	2022-09-05	f21	205	93
9	5	2022	2022-09-05	lf22	92	60
9	5	2022	2022-09-05	s21	300	206
9	5	2022	2022-09-05	w22	59	0
9	6	2022	2022-09-06	f21	206	94
9	6	2022	2022-09-06	lf22	93	61
9	6	2022	2022-09-06	s21	300	207
9	6	2022	2022-09-06	w22	60	0
9	7	2022	2022-09-07	f21	208	94
9	7	2022	2022-09-07	lf22	93	61
9	7	2022	2022-09-07	s21	300	209
9	7	2022	2022-09-07	w22	60	0
9	8	2022	2022-09-08	f21	209	95
9	8	2022	2022-09-08	lf22	94	62
9	8	2022	2022-09-08	s21	300	210
9	8	2022	2022-09-08	w22	61	0
9	9	2022	2022-09-09	f21	210	95
9	9	2022	2022-09-09	lf22	94	62
9	9	2022	2022-09-09	s21	300	211
9	9	2022	2022-09-09	w22	61	0
9	10	2022	2022-09-10	f21	212	96
9	10	2022	2022-09-10	lf22	95	63
9	10	2022	2022-09-10	s21	300	213
9	10	2022	2022-09-10	w22	62	0
9	11	2022	2022-09-11	f21	213	97
9	11	2022	2022-09-11	lf22	96	63
9	11	2022	2022-09-11	s21	300	214
9	11	2022	2022-09-11	w22	62	0
9	12	2022	2022-09-12	f21	215	97
9	12	2022	2022-09-12	lf22	96	64
9	12	2022	2022-09-12	s21	300	216
9	12	2022	2022-09-12	w22	63	0
9	13	2022	2022-09-13	f21	216	98
9	13	2022	2022-09-13	lf22	97	64
9	13	2022	2022-09-13	s21	300	217
9	13	2022	2022-09-13	w22	63	0
9	14	2022	2022-09-14	f21	217	99
9	14	2022	2022-09-14	lf22	98	65
9	14	2022	2022-09-14	s21	300	218
9	14	2022	2022-09-14	w22	64	0
9	15	2022	2022-09-15	f21	219	99
9	15	2022	2022-09-15	lf22	98	65
9	15	2022	2022-09-15	s21	300	220
9	15	2022	2022-09-15	w22	64	0
9	16	2022	2022-09-16	f21	220	100
9	16	2022	2022-09-16	lf22	99	66
9	16	2022	2022-09-16	s21	300	221
9	16	2022	2022-09-16	w22	65	0
9	17	2022	2022-09-17	f21	222	101
9	17	2022	2022-09-17	lf22	100	66
9	17	2022	2022-09-17	s21	300	223
9	17	2022	2022-09-17	w22	65	0
9	18	2022	2022-09-18	f21	223	101
9	18	2022	2022-09-18	lf22	100	67
9	18	2022	2022-09-18	s21	300	224
9	18	2022	2022-09-18	w22	66	0
9	19	2022	2022-09-19	f21	225	102
9	19	2022	2022-09-19	lf22	101	67
9	19	2022	2022-09-19	s21	300	226
9	19	2022	2022-09-19	w22	66	0
9	20	2022	2022-09-20	f21	226	103
9	20	2022	2022-09-20	lf22	102	68
9	20	2022	2022-09-20	s21	300	227
9	20	2022	2022-09-20	w22	67	0
9	21	2022	2022-09-21	f21	228	103
9	21	2022	2022-09-21	lf22	102	68
9	21	2022	2022-09-21	s21	300	229
9	21	2022	2022-09-21	w22	67	0
9	22	2022	2022-09-22	f21	229	104
9	22	2022	2022-09-22	lf22	103	69
9	22	2022	2022-09-22	s21	300	230
9	22	2022	2022-09-22	w22	68	0
9	23	2022	2022-09-23	f21	231	105
9	23	2022	2022-09-23	lf22	104	69
9	23	2022	2022-09-23	s21	300	232
9	23	2022	2022-09-23	w22	68	0
9	24	2022	2022-09-24	f21	232	105
9	24	2022	2022-09-24	lf22	104	70
9	24	2022	2022-09-24	s21	300	233
9	24	2022	2022-09-24	w22	69	0
9	25	2022	2022-09-25	f21	234	106
9	25	2022	2022-09-25	lf22	105	71
9	25	2022	2022-09-25	s21	300	235
9	25	2022	2022-09-25	w22	70	0
9	26	2022	2022-09-26	f21	235	107
9	26	2022	2022-09-26	lf22	106	71
9	26	2022	2022-09-26	s21	300	236
9	26	2022	2022-09-26	w22	70	0
9	27	2022	2022-09-27	f21	237	107
9	27	2022	2022-09-27	lf22	106	72
9	27	2022	2022-09-27	s21	300	238
9	27	2022	2022-09-27	w22	71	0
9	28	2022	2022-09-28	f21	238	108
9	28	2022	2022-09-28	lf22	107	72
9	28	2022	2022-09-28	s21	300	239
9	28	2022	2022-09-28	w22	71	0
9	29	2022	2022-09-29	f21	240	109
9	29	2022	2022-09-29	lf22	108	73
9	29	2022	2022-09-29	s21	300	241
9	29	2022	2022-09-29	w22	72	0
9	30	2022	2022-09-30	f21	242	110
9	30	2022	2022-09-30	lf22	109	73
9	30	2022	2022-09-30	s21	300	243
9	30	2022	2022-09-30	w22	72	0
10	1	2022	2022-10-01	f21	243	110
10	1	2022	2022-10-01	lf22	109	74
10	1	2022	2022-10-01	s21	300	244
10	1	2022	2022-10-01	w22	73	0
10	2	2022	2022-10-02	f21	245	111
10	2	2022	2022-10-02	lf22	110	75
10	2	2022	2022-10-02	s21	300	246
10	2	2022	2022-10-02	w22	74	0
10	3	2022	2022-10-03	f21	246	112
10	3	2022	2022-10-03	lf22	111	75
10	3	2022	2022-10-03	s21	300	247
10	3	2022	2022-10-03	w22	74	0
10	4	2022	2022-10-04	f21	248	112
10	4	2022	2022-10-04	lf22	111	76
10	4	2022	2022-10-04	s21	300	249
10	4	2022	2022-10-04	w22	75	0
10	5	2022	2022-10-05	f21	250	113
10	5	2022	2022-10-05	lf22	112	76
10	5	2022	2022-10-05	s21	300	251
10	5	2022	2022-10-05	w22	75	0
10	6	2022	2022-10-06	f21	251	114
10	6	2022	2022-10-06	lf22	113	77
10	6	2022	2022-10-06	s21	300	252
10	6	2022	2022-10-06	w22	76	0
10	7	2022	2022-10-07	f21	253	115
10	7	2022	2022-10-07	lf22	114	78
10	7	2022	2022-10-07	s21	300	254
10	7	2022	2022-10-07	w22	77	0
10	8	2022	2022-10-08	f21	255	115
10	8	2022	2022-10-08	lf22	114	78
10	8	2022	2022-10-08	s21	300	256
10	8	2022	2022-10-08	w22	77	0
10	9	2022	2022-10-09	f21	256	116
10	9	2022	2022-10-09	lf22	115	79
10	9	2022	2022-10-09	s21	300	257
10	9	2022	2022-10-09	w22	78	0
10	10	2022	2022-10-10	f21	258	117
10	10	2022	2022-10-10	lf22	116	80
10	10	2022	2022-10-10	s21	300	259
10	10	2022	2022-10-10	w22	79	0
10	11	2022	2022-10-11	f21	260	118
10	11	2022	2022-10-11	lf22	117	80
10	11	2022	2022-10-11	s21	300	261
10	11	2022	2022-10-11	w22	79	0
10	12	2022	2022-10-12	f21	261	119
10	12	2022	2022-10-12	lf22	118	81
10	12	2022	2022-10-12	s21	300	262
10	12	2022	2022-10-12	s22	29	0
10	12	2022	2022-10-12	w22	80	30
10	13	2022	2022-10-13	f21	263	119
10	13	2022	2022-10-13	lf22	118	82
10	13	2022	2022-10-13	s21	300	264
10	13	2022	2022-10-13	s22	29	0
10	13	2022	2022-10-13	w22	81	30
10	14	2022	2022-10-14	f21	265	120
10	14	2022	2022-10-14	lf22	119	82
10	14	2022	2022-10-14	s21	300	266
10	14	2022	2022-10-14	s22	30	0
10	14	2022	2022-10-14	w22	81	31
10	15	2022	2022-10-15	f21	267	121
10	15	2022	2022-10-15	lf22	120	83
10	15	2022	2022-10-15	s21	300	268
10	15	2022	2022-10-15	s22	30	0
10	15	2022	2022-10-15	w22	82	31
10	16	2022	2022-10-16	f21	268	122
10	16	2022	2022-10-16	lf22	121	84
10	16	2022	2022-10-16	s21	300	269
10	16	2022	2022-10-16	s22	30	0
10	16	2022	2022-10-16	w22	83	31
10	17	2022	2022-10-17	f21	269	123
10	17	2022	2022-10-17	lf22	122	84
10	17	2022	2022-10-17	s21	300	270
10	17	2022	2022-10-17	s22	30	0
10	17	2022	2022-10-17	w22	83	31
10	18	2022	2022-10-18	f21	270	123
10	18	2022	2022-10-18	lf22	122	85
10	18	2022	2022-10-18	s22	31	0
10	18	2022	2022-10-18	w22	84	32
10	19	2022	2022-10-19	f21	270	124
10	19	2022	2022-10-19	lf22	123	86
10	19	2022	2022-10-19	s22	31	0
10	19	2022	2022-10-19	w22	85	32
10	20	2022	2022-10-20	f21	270	125
10	20	2022	2022-10-20	lf22	124	86
10	20	2022	2022-10-20	s22	31	0
10	20	2022	2022-10-20	w22	85	32
10	21	2022	2022-10-21	f21	270	126
10	21	2022	2022-10-21	lf22	125	87
10	21	2022	2022-10-21	s22	31	0
10	21	2022	2022-10-21	w22	86	32
10	22	2022	2022-10-22	f21	270	127
10	22	2022	2022-10-22	lf22	126	88
10	22	2022	2022-10-22	s22	32	0
10	22	2022	2022-10-22	w22	87	33
10	23	2022	2022-10-23	f21	270	127
10	23	2022	2022-10-23	lf22	126	88
10	23	2022	2022-10-23	s22	32	0
10	23	2022	2022-10-23	w22	87	33
10	24	2022	2022-10-24	f21	270	128
10	24	2022	2022-10-24	lf22	127	89
10	24	2022	2022-10-24	s22	32	0
10	24	2022	2022-10-24	w22	88	33
10	25	2022	2022-10-25	f21	270	129
10	25	2022	2022-10-25	lf22	128	90
10	25	2022	2022-10-25	s22	32	0
10	25	2022	2022-10-25	w22	89	33
10	26	2022	2022-10-26	f21	270	130
10	26	2022	2022-10-26	lf22	129	91
10	26	2022	2022-10-26	s22	33	0
10	26	2022	2022-10-26	w22	90	34
10	27	2022	2022-10-27	f21	270	131
10	27	2022	2022-10-27	lf22	130	91
10	27	2022	2022-10-27	s22	33	0
10	27	2022	2022-10-27	w22	90	34
10	28	2022	2022-10-28	f21	270	132
10	28	2022	2022-10-28	lf22	131	92
10	28	2022	2022-10-28	s22	33	0
10	28	2022	2022-10-28	w22	91	34
10	29	2022	2022-10-29	f21	270	133
10	29	2022	2022-10-29	lf22	132	93
10	29	2022	2022-10-29	s22	34	0
10	29	2022	2022-10-29	w22	92	35
10	30	2022	2022-10-30	f21	270	133
10	30	2022	2022-10-30	lf22	132	94
10	30	2022	2022-10-30	s22	34	0
10	30	2022	2022-10-30	w22	93	35
10	31	2022	2022-10-31	f21	270	134
10	31	2022	2022-10-31	lf22	133	94
10	31	2022	2022-10-31	s22	34	0
10	31	2022	2022-10-31	w22	93	35
11	1	2022	2022-11-01	f21	270	135
11	1	2022	2022-11-01	lf22	134	95
11	1	2022	2022-11-01	s22	34	0
11	1	2022	2022-11-01	w22	94	35
11	2	2022	2022-11-02	f21	270	136
11	2	2022	2022-11-02	lf22	135	96
11	2	2022	2022-11-02	s22	35	0
11	2	2022	2022-11-02	w22	95	36
11	3	2022	2022-11-03	f21	270	137
11	3	2022	2022-11-03	lf22	136	97
11	3	2022	2022-11-03	s22	35	0
11	3	2022	2022-11-03	w22	96	36
11	4	2022	2022-11-04	f21	270	138
11	4	2022	2022-11-04	lf22	137	97
11	4	2022	2022-11-04	s22	35	0
11	4	2022	2022-11-04	w22	96	36
11	5	2022	2022-11-05	f21	270	139
11	5	2022	2022-11-05	lf22	138	98
11	5	2022	2022-11-05	s22	36	0
11	5	2022	2022-11-05	w22	97	37
11	6	2022	2022-11-06	f21	270	140
11	6	2022	2022-11-06	lf22	139	99
11	6	2022	2022-11-06	s22	36	0
11	6	2022	2022-11-06	w22	98	37
11	7	2022	2022-11-07	f21	270	141
11	7	2022	2022-11-07	lf22	140	100
11	7	2022	2022-11-07	s22	36	0
11	7	2022	2022-11-07	w22	99	37
11	8	2022	2022-11-08	f21	270	142
11	8	2022	2022-11-08	lf22	141	101
11	8	2022	2022-11-08	s22	37	0
11	8	2022	2022-11-08	w22	100	38
11	9	2022	2022-11-09	f21	270	143
11	9	2022	2022-11-09	lf22	142	101
11	9	2022	2022-11-09	s22	37	0
11	9	2022	2022-11-09	w22	100	38
11	10	2022	2022-11-10	f21	270	143
11	10	2022	2022-11-10	lf22	142	102
11	10	2022	2022-11-10	s22	37	0
11	10	2022	2022-11-10	w22	101	38
11	11	2022	2022-11-11	f21	270	144
11	11	2022	2022-11-11	lf22	143	103
11	11	2022	2022-11-11	s22	37	0
11	11	2022	2022-11-11	w22	102	38
11	12	2022	2022-11-12	f21	270	145
11	12	2022	2022-11-12	lf22	144	104
11	12	2022	2022-11-12	s22	38	0
11	12	2022	2022-11-12	w22	103	39
11	13	2022	2022-11-13	f21	270	146
11	13	2022	2022-11-13	lf22	145	105
11	13	2022	2022-11-13	s22	38	0
11	13	2022	2022-11-13	w22	104	39
11	14	2022	2022-11-14	f21	270	147
11	14	2022	2022-11-14	lf22	146	106
11	14	2022	2022-11-14	s22	38	0
11	14	2022	2022-11-14	w22	105	39
11	15	2022	2022-11-15	f21	270	148
11	15	2022	2022-11-15	lf22	147	106
11	15	2022	2022-11-15	s22	39	0
11	15	2022	2022-11-15	w22	105	40
11	16	2022	2022-11-16	f21	270	149
11	16	2022	2022-11-16	lf22	148	107
11	16	2022	2022-11-16	s22	39	0
11	16	2022	2022-11-16	w22	106	40
11	17	2022	2022-11-17	f21	270	150
11	17	2022	2022-11-17	lf22	149	108
11	17	2022	2022-11-17	s22	39	0
11	17	2022	2022-11-17	w22	107	40
11	18	2022	2022-11-18	f21	270	151
11	18	2022	2022-11-18	lf22	150	109
11	18	2022	2022-11-18	s22	40	0
11	18	2022	2022-11-18	w22	108	41
11	19	2022	2022-11-19	f21	270	152
11	19	2022	2022-11-19	lf22	151	110
11	19	2022	2022-11-19	s22	40	0
11	19	2022	2022-11-19	w22	109	41
11	20	2022	2022-11-20	f21	270	153
11	20	2022	2022-11-20	lf22	152	111
11	20	2022	2022-11-20	s22	40	0
11	20	2022	2022-11-20	w22	110	41
11	21	2022	2022-11-21	f21	270	154
11	21	2022	2022-11-21	lf22	153	112
11	21	2022	2022-11-21	s22	41	0
11	21	2022	2022-11-21	w22	111	42
11	22	2022	2022-11-22	f21	270	155
11	22	2022	2022-11-22	lf22	154	113
11	22	2022	2022-11-22	s22	41	0
11	22	2022	2022-11-22	w22	112	42
11	23	2022	2022-11-23	f21	270	156
11	23	2022	2022-11-23	lf22	155	114
11	23	2022	2022-11-23	s22	41	0
11	23	2022	2022-11-23	w22	113	42
11	24	2022	2022-11-24	f21	270	157
11	24	2022	2022-11-24	lf22	156	114
11	24	2022	2022-11-24	s22	42	0
11	24	2022	2022-11-24	w22	113	43
11	25	2022	2022-11-25	f21	270	158
11	25	2022	2022-11-25	lf22	157	115
11	25	2022	2022-11-25	s22	42	0
11	25	2022	2022-11-25	w22	114	43
11	26	2022	2022-11-26	f21	270	159
11	26	2022	2022-11-26	lf22	158	116
11	26	2022	2022-11-26	s22	42	0
11	26	2022	2022-11-26	w22	115	43
11	27	2022	2022-11-27	f21	270	160
11	27	2022	2022-11-27	lf22	159	117
11	27	2022	2022-11-27	s22	43	0
11	27	2022	2022-11-27	w22	116	44
11	28	2022	2022-11-28	f21	270	161
11	28	2022	2022-11-28	lf22	160	118
11	28	2022	2022-11-28	s22	43	0
11	28	2022	2022-11-28	w22	117	44
11	29	2022	2022-11-29	f21	270	163
11	29	2022	2022-11-29	lf22	162	119
11	29	2022	2022-11-29	s22	44	0
11	29	2022	2022-11-29	w22	118	45
11	30	2022	2022-11-30	f21	270	164
11	30	2022	2022-11-30	lf22	163	120
11	30	2022	2022-11-30	s22	44	0
11	30	2022	2022-11-30	w22	119	45
12	1	2022	2022-12-01	f21	270	165
12	1	2022	2022-12-01	f22	32	0
12	1	2022	2022-12-01	lf22	164	121
12	1	2022	2022-12-01	s22	44	33
12	1	2022	2022-12-01	w22	120	45
12	2	2022	2022-12-02	f21	270	166
12	2	2022	2022-12-02	f22	32	0
12	2	2022	2022-12-02	lf22	165	122
12	2	2022	2022-12-02	s22	45	33
12	2	2022	2022-12-02	w22	121	46
12	3	2022	2022-12-03	f21	270	167
12	3	2022	2022-12-03	f22	33	0
12	3	2022	2022-12-03	lf22	166	123
12	3	2022	2022-12-03	s22	45	34
12	3	2022	2022-12-03	w22	122	46
12	4	2022	2022-12-04	f21	270	168
12	4	2022	2022-12-04	f22	33	0
12	4	2022	2022-12-04	lf22	167	124
12	4	2022	2022-12-04	s22	45	34
12	4	2022	2022-12-04	w22	123	46
12	5	2022	2022-12-05	f21	270	169
12	5	2022	2022-12-05	f22	33	0
12	5	2022	2022-12-05	lf22	168	125
12	5	2022	2022-12-05	s22	46	34
12	5	2022	2022-12-05	w22	124	47
12	6	2022	2022-12-06	f21	270	170
12	6	2022	2022-12-06	f22	33	0
12	6	2022	2022-12-06	lf22	169	126
12	6	2022	2022-12-06	s22	46	34
12	6	2022	2022-12-06	w22	125	47
12	7	2022	2022-12-07	f21	270	171
12	7	2022	2022-12-07	f22	33	0
12	7	2022	2022-12-07	lf22	170	127
12	7	2022	2022-12-07	s22	47	34
12	7	2022	2022-12-07	w22	126	48
12	8	2022	2022-12-08	f21	270	172
12	8	2022	2022-12-08	f22	34	0
12	8	2022	2022-12-08	lf22	171	128
12	8	2022	2022-12-08	s22	47	35
12	8	2022	2022-12-08	w22	127	48
12	9	2022	2022-12-09	f21	270	174
12	9	2022	2022-12-09	f22	34	0
12	9	2022	2022-12-09	lf22	173	129
12	9	2022	2022-12-09	s22	47	35
12	9	2022	2022-12-09	w22	128	48
12	10	2022	2022-12-10	f21	270	175
12	10	2022	2022-12-10	f22	34	0
12	10	2022	2022-12-10	lf22	174	130
12	10	2022	2022-12-10	s22	48	35
12	10	2022	2022-12-10	w22	129	49
12	11	2022	2022-12-11	f21	270	176
12	11	2022	2022-12-11	f22	34	0
12	11	2022	2022-12-11	lf22	175	131
12	11	2022	2022-12-11	s22	48	35
12	11	2022	2022-12-11	w22	130	49
12	12	2022	2022-12-12	f21	270	177
12	12	2022	2022-12-12	f22	35	0
12	12	2022	2022-12-12	lf22	176	132
12	12	2022	2022-12-12	s22	49	36
12	12	2022	2022-12-12	w22	131	50
12	13	2022	2022-12-13	f21	270	178
12	13	2022	2022-12-13	f22	35	0
12	13	2022	2022-12-13	lf22	177	133
12	13	2022	2022-12-13	s22	49	36
12	13	2022	2022-12-13	w22	132	50
12	14	2022	2022-12-14	f21	270	179
12	14	2022	2022-12-14	f22	35	0
12	14	2022	2022-12-14	lf22	178	135
12	14	2022	2022-12-14	s22	49	36
12	14	2022	2022-12-14	w22	134	50
12	15	2022	2022-12-15	f21	270	181
12	15	2022	2022-12-15	f22	35	0
12	15	2022	2022-12-15	lf22	180	136
12	15	2022	2022-12-15	s22	50	36
12	15	2022	2022-12-15	w22	135	51
12	16	2022	2022-12-16	f21	270	182
12	16	2022	2022-12-16	f22	36	0
12	16	2022	2022-12-16	lf22	181	137
12	16	2022	2022-12-16	s22	50	37
12	16	2022	2022-12-16	w22	136	51
12	17	2022	2022-12-17	f21	270	183
12	17	2022	2022-12-17	f22	36	0
12	17	2022	2022-12-17	lf22	182	138
12	17	2022	2022-12-17	s22	51	37
12	17	2022	2022-12-17	w22	137	52
12	18	2022	2022-12-18	f21	270	184
12	18	2022	2022-12-18	f22	36	0
12	18	2022	2022-12-18	lf22	183	139
12	18	2022	2022-12-18	s22	51	37
12	18	2022	2022-12-18	w22	138	52
12	19	2022	2022-12-19	f21	270	185
12	19	2022	2022-12-19	f22	36	0
12	19	2022	2022-12-19	lf22	184	140
12	19	2022	2022-12-19	s22	51	37
12	19	2022	2022-12-19	w22	139	52
12	20	2022	2022-12-20	f21	270	187
12	20	2022	2022-12-20	f22	37	0
12	20	2022	2022-12-20	lf22	186	141
12	20	2022	2022-12-20	s22	52	38
12	20	2022	2022-12-20	w22	140	53
12	21	2022	2022-12-21	f21	270	188
12	21	2022	2022-12-21	f22	37	0
12	21	2022	2022-12-21	lf22	187	142
12	21	2022	2022-12-21	s22	52	38
12	21	2022	2022-12-21	w22	141	53
12	22	2022	2022-12-22	f21	270	189
12	22	2022	2022-12-22	f22	37	0
12	22	2022	2022-12-22	lf22	188	144
12	22	2022	2022-12-22	s22	53	38
12	22	2022	2022-12-22	w22	143	54
12	23	2022	2022-12-23	f21	270	190
12	23	2022	2022-12-23	f22	37	0
12	23	2022	2022-12-23	lf22	189	145
12	23	2022	2022-12-23	s22	53	38
12	23	2022	2022-12-23	w22	144	54
12	24	2022	2022-12-24	f21	270	192
12	24	2022	2022-12-24	f22	38	0
12	24	2022	2022-12-24	lf22	191	146
12	24	2022	2022-12-24	s22	54	39
12	24	2022	2022-12-24	w22	145	55
12	25	2022	2022-12-25	f21	270	193
12	25	2022	2022-12-25	f22	38	0
12	25	2022	2022-12-25	lf22	192	147
12	25	2022	2022-12-25	s22	54	39
12	25	2022	2022-12-25	w22	146	55
12	26	2022	2022-12-26	f21	270	194
12	26	2022	2022-12-26	f22	38	0
12	26	2022	2022-12-26	lf22	193	148
12	26	2022	2022-12-26	s22	55	39
12	26	2022	2022-12-26	w22	147	56
12	27	2022	2022-12-27	f21	270	195
12	27	2022	2022-12-27	f22	38	0
12	27	2022	2022-12-27	lf22	194	149
12	27	2022	2022-12-27	s22	55	39
12	27	2022	2022-12-27	w22	148	56
12	28	2022	2022-12-28	f21	270	197
12	28	2022	2022-12-28	f22	39	0
12	28	2022	2022-12-28	lf22	196	151
12	28	2022	2022-12-28	s22	55	40
12	28	2022	2022-12-28	w22	150	56
12	29	2022	2022-12-29	f21	270	198
12	29	2022	2022-12-29	f22	39	0
12	29	2022	2022-12-29	lf22	197	152
12	29	2022	2022-12-29	s22	56	40
12	29	2022	2022-12-29	w22	151	57
12	30	2022	2022-12-30	f21	270	199
12	30	2022	2022-12-30	f22	39	0
12	30	2022	2022-12-30	lf22	198	153
12	30	2022	2022-12-30	s22	56	40
12	30	2022	2022-12-30	w22	152	57
12	31	2022	2022-12-31	f21	270	201
12	31	2022	2022-12-31	f22	39	0
12	31	2022	2022-12-31	lf22	200	154
12	31	2022	2022-12-31	s22	57	40
12	31	2022	2022-12-31	w22	153	58
