month	day	year	date	cohort	max	min
1	1	2024	2024-01-01	f22	270	202
1	1	2024	2024-01-01	f23	40	0
1	1	2024	2024-01-01	lf	201	156
1	1	2024	2024-01-01	s23	57	41
1	1	2024	2024-01-01	w23	155	58
1	2	2024	2024-01-02	f22	270	203
1	2	2024	2024-01-02	f23	40	0
1	2	2024	2024-01-02	lf	202	157
1	2	2024	2024-01-02	s23	58	41
1	2	2024	2024-01-02	w23	156	59
1	3	2024	2024-01-03	f22	270	205
1	3	2024	2024-01-03	f23	40	0
1	3	2024	2024-01-03	lf	204	158
1	3	2024	2024-01-03	s23	58	41
1	3	2024	2024-01-03	w23	157	59
1	4	2024	2024-01-04	f22	270	206
1	4	2024	2024-01-04	f23	40	0
1	4	2024	2024-01-04	lf	205	159
1	4	2024	2024-01-04	s23	59	41
1	4	2024	2024-01-04	w23	158	60
1	5	2024	2024-01-05	f22	270	207
1	5	2024	2024-01-05	f23	41	0
1	5	2024	2024-01-05	lf	206	161
1	5	2024	2024-01-05	s23	59	42
1	5	2024	2024-01-05	w23	160	60
1	6	2024	2024-01-06	f22	270	209
1	6	2024	2024-01-06	f23	41	0
1	6	2024	2024-01-06	lf	208	162
1	6	2024	2024-01-06	s23	60	42
1	6	2024	2024-01-06	w23	161	61
1	7	2024	2024-01-07	f22	270	210
1	7	2024	2024-01-07	f23	41	0
1	7	2024	2024-01-07	lf	209	163
1	7	2024	2024-01-07	s23	60	42
1	7	2024	2024-01-07	w23	162	61
1	8	2024	2024-01-08	f22	270	211
1	8	2024	2024-01-08	f23	42	0
1	8	2024	2024-01-08	lf	210	165
1	8	2024	2024-01-08	s23	61	43
1	8	2024	2024-01-08	w23	164	62
1	9	2024	2024-01-09	f22	270	213
1	9	2024	2024-01-09	f23	42	0
1	9	2024	2024-01-09	lf	212	166
1	9	2024	2024-01-09	s23	61	43
1	9	2024	2024-01-09	w23	165	62
1	10	2024	2024-01-10	f22	270	214
1	10	2024	2024-01-10	f23	42	0
1	10	2024	2024-01-10	lf	213	167
1	10	2024	2024-01-10	s23	62	43
1	10	2024	2024-01-10	w23	166	63
1	11	2024	2024-01-11	f22	270	216
1	11	2024	2024-01-11	f23	42	0
1	11	2024	2024-01-11	lf	215	169
1	11	2024	2024-01-11	s23	62	43
1	11	2024	2024-01-11	w23	168	63
1	12	2024	2024-01-12	f22	270	217
1	12	2024	2024-01-12	f23	43	0
1	12	2024	2024-01-12	lf	216	170
1	12	2024	2024-01-12	s23	63	44
1	12	2024	2024-01-12	w23	169	64
1	13	2024	2024-01-13	f22	270	218
1	13	2024	2024-01-13	f23	43	0
1	13	2024	2024-01-13	lf	217	172
1	13	2024	2024-01-13	s23	63	44
1	13	2024	2024-01-13	w23	171	64
1	14	2024	2024-01-14	f22	270	220
1	14	2024	2024-01-14	f23	43	0
1	14	2024	2024-01-14	lf	219	173
1	14	2024	2024-01-14	s23	64	44
1	14	2024	2024-01-14	w23	172	65
1	15	2024	2024-01-15	f22	270	221
1	15	2024	2024-01-15	f23	44	0
1	15	2024	2024-01-15	lf	220	174
1	15	2024	2024-01-15	s23	64	45
1	15	2024	2024-01-15	w23	173	65
1	16	2024	2024-01-16	f22	270	223
1	16	2024	2024-01-16	f23	44	0
1	16	2024	2024-01-16	lf	222	176
1	16	2024	2024-01-16	s23	65	45
1	16	2024	2024-01-16	w23	175	66
1	17	2024	2024-01-17	f22	270	224
1	17	2024	2024-01-17	f23	44	0
1	17	2024	2024-01-17	lf	223	177
1	17	2024	2024-01-17	s23	65	45
1	17	2024	2024-01-17	w23	176	66
1	18	2024	2024-01-18	f22	270	226
1	18	2024	2024-01-18	f23	44	0
1	18	2024	2024-01-18	lf	225	179
1	18	2024	2024-01-18	s23	66	45
1	18	2024	2024-01-18	w23	178	67
1	19	2024	2024-01-19	f22	270	227
1	19	2024	2024-01-19	f23	45	0
1	19	2024	2024-01-19	lf	226	180
1	19	2024	2024-01-19	s23	67	46
1	19	2024	2024-01-19	w23	179	68
1	20	2024	2024-01-20	f22	270	229
1	20	2024	2024-01-20	f23	45	0
1	20	2024	2024-01-20	lf	228	182
1	20	2024	2024-01-20	s23	67	46
1	20	2024	2024-01-20	w23	181	68
1	21	2024	2024-01-21	f22	270	230
1	21	2024	2024-01-21	f23	45	0
1	21	2024	2024-01-21	lf	229	183
1	21	2024	2024-01-21	s23	68	46
1	21	2024	2024-01-21	w23	182	69
1	22	2024	2024-01-22	f22	270	232
1	22	2024	2024-01-22	f23	46	0
1	22	2024	2024-01-22	lf	231	185
1	22	2024	2024-01-22	s23	68	47
1	22	2024	2024-01-22	w23	184	69
1	23	2024	2024-01-23	f22	270	233
1	23	2024	2024-01-23	f23	46	0
1	23	2024	2024-01-23	lf	232	186
1	23	2024	2024-01-23	s23	69	47
1	23	2024	2024-01-23	w23	185	70
1	24	2024	2024-01-24	f22	270	235
1	24	2024	2024-01-24	f23	46	0
1	24	2024	2024-01-24	lf	234	188
1	24	2024	2024-01-24	s23	69	47
1	24	2024	2024-01-24	w23	187	70
1	25	2024	2024-01-25	f22	270	236
1	25	2024	2024-01-25	f23	47	0
1	25	2024	2024-01-25	lf	235	189
1	25	2024	2024-01-25	s23	70	48
1	25	2024	2024-01-25	w23	188	71
1	26	2024	2024-01-26	f22	270	238
1	26	2024	2024-01-26	f23	47	0
1	26	2024	2024-01-26	lf	237	191
1	26	2024	2024-01-26	s23	70	48
1	26	2024	2024-01-26	w23	190	71
1	27	2024	2024-01-27	f22	270	239
1	27	2024	2024-01-27	f23	47	0
1	27	2024	2024-01-27	lf	238	192
1	27	2024	2024-01-27	s23	71	48
1	27	2024	2024-01-27	w23	191	72
1	28	2024	2024-01-28	f22	270	241
1	28	2024	2024-01-28	f23	48	0
1	28	2024	2024-01-28	lf	240	194
1	28	2024	2024-01-28	s23	72	49
1	28	2024	2024-01-28	w23	193	73
1	29	2024	2024-01-29	f22	270	243
1	29	2024	2024-01-29	f23	48	0
1	29	2024	2024-01-29	lf	242	195
1	29	2024	2024-01-29	s23	72	49
1	29	2024	2024-01-29	w23	194	73
1	30	2024	2024-01-30	f22	270	244
1	30	2024	2024-01-30	f23	48	0
1	30	2024	2024-01-30	lf	243	197
1	30	2024	2024-01-30	s23	73	49
1	30	2024	2024-01-30	w23	196	74
1	31	2024	2024-01-31	f22	270	246
1	31	2024	2024-01-31	f23	49	0
1	31	2024	2024-01-31	lf	245	199
1	31	2024	2024-01-31	s23	73	50
1	31	2024	2024-01-31	w23	198	74
2	1	2024	2024-02-01	f22	270	247
2	1	2024	2024-02-01	f23	49	0
2	1	2024	2024-02-01	lf	246	200
2	1	2024	2024-02-01	s23	74	50
2	1	2024	2024-02-01	w23	199	75
2	2	2024	2024-02-02	f22	270	249
2	2	2024	2024-02-02	f23	49	0
2	2	2024	2024-02-02	lf	248	202
2	2	2024	2024-02-02	s23	75	50
2	2	2024	2024-02-02	w23	201	76
2	3	2024	2024-02-03	f22	270	251
2	3	2024	2024-02-03	f23	49	0
2	3	2024	2024-02-03	lf	250	203
2	3	2024	2024-02-03	s23	75	50
2	3	2024	2024-02-03	w23	202	76
2	4	2024	2024-02-04	f22	270	252
2	4	2024	2024-02-04	f23	50	0
2	4	2024	2024-02-04	lf	251	205
2	4	2024	2024-02-04	s23	76	51
2	4	2024	2024-02-04	w23	204	77
2	5	2024	2024-02-05	f22	270	254
2	5	2024	2024-02-05	f23	50	0
2	5	2024	2024-02-05	lf	253	207
2	5	2024	2024-02-05	s23	77	51
2	5	2024	2024-02-05	w23	206	78
2	6	2024	2024-02-06	f22	270	256
2	6	2024	2024-02-06	f23	50	0
2	6	2024	2024-02-06	lf	255	208
2	6	2024	2024-02-06	s23	77	51
2	6	2024	2024-02-06	w23	207	78
2	7	2024	2024-02-07	f22	270	257
2	7	2024	2024-02-07	f23	51	0
2	7	2024	2024-02-07	lf	256	210
2	7	2024	2024-02-07	s23	78	52
2	7	2024	2024-02-07	w23	209	79
2	8	2024	2024-02-08	f22	270	259
2	8	2024	2024-02-08	f23	51	0
2	8	2024	2024-02-08	lf	258	212
2	8	2024	2024-02-08	s23	78	52
2	8	2024	2024-02-08	w23	211	79
2	9	2024	2024-02-09	f22	270	261
2	9	2024	2024-02-09	f23	52	0
2	9	2024	2024-02-09	lf	260	214
2	9	2024	2024-02-09	s23	79	53
2	9	2024	2024-02-09	w23	213	80
2	10	2024	2024-02-10	f22	270	262
2	10	2024	2024-02-10	f23	52	0
2	10	2024	2024-02-10	lf	261	215
2	10	2024	2024-02-10	s23	80	53
2	10	2024	2024-02-10	w23	214	81
2	11	2024	2024-02-11	f22	270	264
2	11	2024	2024-02-11	f23	52	0
2	11	2024	2024-02-11	lf	263	217
2	11	2024	2024-02-11	s23	80	53
2	11	2024	2024-02-11	w23	216	81
2	12	2024	2024-02-12	f22	270	266
2	12	2024	2024-02-12	f23	53	0
2	12	2024	2024-02-12	lf	265	219
2	12	2024	2024-02-12	s23	81	54
2	12	2024	2024-02-12	w23	218	82
2	13	2024	2024-02-13	f22	270	268
2	13	2024	2024-02-13	f23	53	0
2	13	2024	2024-02-13	lf	267	221
2	13	2024	2024-02-13	s23	82	54
2	13	2024	2024-02-13	w23	220	83
2	14	2024	2024-02-14	f22	270	269
2	14	2024	2024-02-14	f23	53	0
2	14	2024	2024-02-14	lf	268	222
2	14	2024	2024-02-14	s23	82	54
2	14	2024	2024-02-14	w23	221	83
2	15	2024	2024-02-15	f22	270	270
2	15	2024	2024-02-15	f23	54	0
2	15	2024	2024-02-15	lf	269	224
2	15	2024	2024-02-15	s23	83	55
2	15	2024	2024-02-15	w23	223	84
2	16	2024	2024-02-16	f23	54	0
2	16	2024	2024-02-16	lf	270	226
2	16	2024	2024-02-16	s23	84	55
2	16	2024	2024-02-16	w23	225	85
2	17	2024	2024-02-17	f23	54	0
2	17	2024	2024-02-17	lf	270	228
2	17	2024	2024-02-17	s23	85	55
2	17	2024	2024-02-17	w23	227	86
2	18	2024	2024-02-18	f23	55	0
2	18	2024	2024-02-18	lf	270	230
2	18	2024	2024-02-18	s23	85	56
2	18	2024	2024-02-18	w23	229	86
2	19	2024	2024-02-19	f23	55	0
2	19	2024	2024-02-19	lf	270	232
2	19	2024	2024-02-19	s23	86	56
2	19	2024	2024-02-19	w23	231	87
2	20	2024	2024-02-20	f23	55	0
2	20	2024	2024-02-20	lf	270	234
2	20	2024	2024-02-20	s23	87	56
2	20	2024	2024-02-20	w23	233	88
2	21	2024	2024-02-21	f23	56	0
2	21	2024	2024-02-21	lf	270	235
2	21	2024	2024-02-21	s23	87	57
2	21	2024	2024-02-21	w23	234	88
2	22	2024	2024-02-22	f23	56	0
2	22	2024	2024-02-22	lf	270	237
2	22	2024	2024-02-22	s23	88	57
2	22	2024	2024-02-22	w23	236	89
2	23	2024	2024-02-23	f23	57	0
2	23	2024	2024-02-23	lf	270	239
2	23	2024	2024-02-23	s23	89	58
2	23	2024	2024-02-23	w23	238	90
2	24	2024	2024-02-24	f23	57	0
2	24	2024	2024-02-24	lf	270	241
2	24	2024	2024-02-24	s23	90	58
2	24	2024	2024-02-24	w23	240	91
2	25	2024	2024-02-25	f23	57	0
2	25	2024	2024-02-25	lf	270	243
2	25	2024	2024-02-25	s23	90	58
2	25	2024	2024-02-25	w23	242	91
2	26	2024	2024-02-26	f23	58	0
2	26	2024	2024-02-26	lf	270	245
2	26	2024	2024-02-26	s23	91	59
2	26	2024	2024-02-26	w23	244	92
2	27	2024	2024-02-27	f23	58	0
2	27	2024	2024-02-27	lf	270	247
2	27	2024	2024-02-27	s23	92	59
2	27	2024	2024-02-27	w23	246	93
2	28	2024	2024-02-28	f23	58	0
2	28	2024	2024-02-28	lf	270	249
2	28	2024	2024-02-28	s23	93	59
2	28	2024	2024-02-28	w23	248	94
2	29	2024	2024-02-29	f23	58	0
2	29	2024	2024-02-29	lf	270	249
2	29	2024	2024-02-29	s23	93	59
2	29	2024	2024-02-29	w23	248	94
3	1	2024	2024-03-01	f23	59	0
3	1	2024	2024-03-01	lf	270	251
3	1	2024	2024-03-01	s23	93	60
3	1	2024	2024-03-01	w23	250	94
3	2	2024	2024-03-02	f23	59	0
3	2	2024	2024-03-02	lf	270	253
3	2	2024	2024-03-02	s23	94	60
3	2	2024	2024-03-02	w23	252	95
3	3	2024	2024-03-03	f23	60	0
3	3	2024	2024-03-03	lf	270	255
3	3	2024	2024-03-03	s23	95	61
3	3	2024	2024-03-03	w23	254	96
3	4	2024	2024-03-04	f23	60	0
3	4	2024	2024-03-04	lf	270	257
3	4	2024	2024-03-04	s23	96	61
3	4	2024	2024-03-04	w23	256	97
3	5	2024	2024-03-05	f23	60	0
3	5	2024	2024-03-05	lf	270	260
3	5	2024	2024-03-05	s23	96	61
3	5	2024	2024-03-05	w23	259	97
3	6	2024	2024-03-06	f23	61	0
3	6	2024	2024-03-06	lf	270	262
3	6	2024	2024-03-06	s23	97	62
3	6	2024	2024-03-06	w23	261	98
3	7	2024	2024-03-07	f23	61	0
3	7	2024	2024-03-07	lf	270	264
3	7	2024	2024-03-07	s23	98	62
3	7	2024	2024-03-07	w23	263	99
3	8	2024	2024-03-08	f23	62	0
3	8	2024	2024-03-08	lf	270	266
3	8	2024	2024-03-08	s23	99	63
3	8	2024	2024-03-08	w23	265	100
3	9	2024	2024-03-09	f23	62	0
3	9	2024	2024-03-09	lf	270	268
3	9	2024	2024-03-09	s23	100	63
3	9	2024	2024-03-09	w23	267	101
3	10	2024	2024-03-10	f23	63	0
3	10	2024	2024-03-10	lf	270	270
3	10	2024	2024-03-10	s23	100	64
3	10	2024	2024-03-10	w23	269	101
3	11	2024	2024-03-11	f23	63	0
3	11	2024	2024-03-11	s23	101	64
3	11	2024	2024-03-11	w23	272	102
3	12	2024	2024-03-12	f23	63	0
3	12	2024	2024-03-12	s23	102	64
3	12	2024	2024-03-12	w23	274	103
3	13	2024	2024-03-13	f23	64	0
3	13	2024	2024-03-13	s23	103	65
3	13	2024	2024-03-13	w23	276	104
3	14	2024	2024-03-14	f23	64	0
3	14	2024	2024-03-14	s23	104	65
3	14	2024	2024-03-14	w23	278	105
3	15	2024	2024-03-15	f23	65	0
3	15	2024	2024-03-15	s23	105	66
3	15	2024	2024-03-15	w23	281	106
3	16	2024	2024-03-16	f23	65	0
3	16	2024	2024-03-16	s23	106	66
3	16	2024	2024-03-16	w23	283	107
3	17	2024	2024-03-17	f23	66	0
3	17	2024	2024-03-17	s23	106	67
3	17	2024	2024-03-17	w23	285	107
3	18	2024	2024-03-18	f23	66	0
3	18	2024	2024-03-18	s23	107	67
3	18	2024	2024-03-18	w23	287	108
3	19	2024	2024-03-19	f23	66	0
3	19	2024	2024-03-19	s23	108	67
3	19	2024	2024-03-19	w23	290	109
3	20	2024	2024-03-20	f23	67	0
3	20	2024	2024-03-20	s23	109	68
3	20	2024	2024-03-20	w23	292	110
3	21	2024	2024-03-21	f23	67	0
3	21	2024	2024-03-21	s23	110	68
3	21	2024	2024-03-21	w23	295	111
3	22	2024	2024-03-22	f23	68	0
3	22	2024	2024-03-22	s23	111	69
3	22	2024	2024-03-22	w23	297	112
3	23	2024	2024-03-23	f23	68	0
3	23	2024	2024-03-23	s23	112	69
3	23	2024	2024-03-23	w23	299	113
3	24	2024	2024-03-24	f23	69	0
3	24	2024	2024-03-24	s23	113	70
3	24	2024	2024-03-24	w23	300	114
3	25	2024	2024-03-25	f23	69	0
3	25	2024	2024-03-25	s23	114	70
3	25	2024	2024-03-25	w23	300	115
3	26	2024	2024-03-26	f23	70	0
3	26	2024	2024-03-26	s23	115	71
3	26	2024	2024-03-26	w23	300	116
3	27	2024	2024-03-27	f23	70	0
3	27	2024	2024-03-27	s23	116	71
3	27	2024	2024-03-27	w23	300	117
3	28	2024	2024-03-28	f23	71	0
3	28	2024	2024-03-28	s23	117	72
3	28	2024	2024-03-28	w23	300	118
3	29	2024	2024-03-29	f23	71	0
3	29	2024	2024-03-29	s23	117	72
3	29	2024	2024-03-29	w23	300	118
3	30	2024	2024-03-30	f23	71	0
3	30	2024	2024-03-30	s23	118	72
3	30	2024	2024-03-30	w23	300	119
3	31	2024	2024-03-31	f23	72	0
3	31	2024	2024-03-31	s23	119	73
3	31	2024	2024-03-31	w23	300	120
4	1	2024	2024-04-01	f23	72	33
4	1	2024	2024-04-01	lf	32	0
4	1	2024	2024-04-01	s23	120	73
4	1	2024	2024-04-01	w23	300	121
4	2	2024	2024-04-02	f23	73	33
4	2	2024	2024-04-02	lf	32	0
4	2	2024	2024-04-02	s23	121	74
4	2	2024	2024-04-02	w23	300	122
4	3	2024	2024-04-03	f23	73	34
4	3	2024	2024-04-03	lf	33	0
4	3	2024	2024-04-03	s23	122	74
4	3	2024	2024-04-03	w23	300	123
4	4	2024	2024-04-04	f23	74	34
4	4	2024	2024-04-04	lf	33	0
4	4	2024	2024-04-04	s23	123	75
4	4	2024	2024-04-04	w23	300	124
4	5	2024	2024-04-05	f23	74	34
4	5	2024	2024-04-05	lf	33	0
4	5	2024	2024-04-05	s23	124	75
4	5	2024	2024-04-05	w23	300	125
4	6	2024	2024-04-06	f23	75	34
4	6	2024	2024-04-06	lf	33	0
4	6	2024	2024-04-06	s23	125	76
4	6	2024	2024-04-06	w23	300	126
4	7	2024	2024-04-07	f23	75	34
4	7	2024	2024-04-07	lf	33	0
4	7	2024	2024-04-07	s23	127	76
4	7	2024	2024-04-07	w23	300	128
4	8	2024	2024-04-08	f23	76	35
4	8	2024	2024-04-08	lf	34	0
4	8	2024	2024-04-08	s23	128	77
4	8	2024	2024-04-08	w23	300	129
4	9	2024	2024-04-09	f23	76	35
4	9	2024	2024-04-09	lf	34	0
4	9	2024	2024-04-09	s23	129	77
4	9	2024	2024-04-09	w23	300	130
4	10	2024	2024-04-10	f23	77	35
4	10	2024	2024-04-10	lf	34	0
4	10	2024	2024-04-10	s23	130	78
4	10	2024	2024-04-10	w23	300	131
4	11	2024	2024-04-11	f23	77	35
4	11	2024	2024-04-11	lf	34	0
4	11	2024	2024-04-11	s23	131	78
4	11	2024	2024-04-11	w23	300	132
4	12	2024	2024-04-12	f23	78	36
4	12	2024	2024-04-12	lf	35	0
4	12	2024	2024-04-12	s23	132	79
4	12	2024	2024-04-12	w23	300	133
4	13	2024	2024-04-13	f23	78	36
4	13	2024	2024-04-13	lf	35	0
4	13	2024	2024-04-13	s23	133	79
4	13	2024	2024-04-13	w23	300	134
4	14	2024	2024-04-14	f23	79	36
4	14	2024	2024-04-14	lf	35	0
4	14	2024	2024-04-14	s23	134	80
4	14	2024	2024-04-14	w23	300	135
4	15	2024	2024-04-15	f23	79	36
4	15	2024	2024-04-15	lf	35	0
4	15	2024	2024-04-15	s23	135	80
4	15	2024	2024-04-15	w23	300	136
4	16	2024	2024-04-16	f23	80	37
4	16	2024	2024-04-16	lf	36	0
4	16	2024	2024-04-16	s23	136	81
4	16	2024	2024-04-16	w23	300	137
4	17	2024	2024-04-17	f23	81	37
4	17	2024	2024-04-17	lf	36	0
4	17	2024	2024-04-17	s23	137	82
4	17	2024	2024-04-17	w23	300	138
4	18	2024	2024-04-18	f23	81	37
4	18	2024	2024-04-18	lf	36	0
4	18	2024	2024-04-18	s23	138	82
4	18	2024	2024-04-18	w23	300	139
4	19	2024	2024-04-19	f23	82	37
4	19	2024	2024-04-19	lf	36	0
4	19	2024	2024-04-19	s23	140	83
4	19	2024	2024-04-19	w23	300	141
4	20	2024	2024-04-20	f23	82	38
4	20	2024	2024-04-20	lf	37	0
4	20	2024	2024-04-20	s23	141	83
4	20	2024	2024-04-20	w23	300	142
4	21	2024	2024-04-21	f23	83	38
4	21	2024	2024-04-21	lf	37	0
4	21	2024	2024-04-21	s23	142	84
4	21	2024	2024-04-21	w23	300	143
4	22	2024	2024-04-22	f23	83	38
4	22	2024	2024-04-22	lf	37	0
4	22	2024	2024-04-22	s23	143	84
4	22	2024	2024-04-22	w23	300	144
4	23	2024	2024-04-23	f23	84	38
4	23	2024	2024-04-23	lf	37	0
4	23	2024	2024-04-23	s23	144	85
4	23	2024	2024-04-23	w23	300	145
4	24	2024	2024-04-24	f23	84	39
4	24	2024	2024-04-24	lf	38	0
4	24	2024	2024-04-24	s23	145	85
4	24	2024	2024-04-24	w23	300	146
4	25	2024	2024-04-25	f23	85	39
4	25	2024	2024-04-25	lf	38	0
4	25	2024	2024-04-25	s23	147	86
4	25	2024	2024-04-25	w23	300	148
4	26	2024	2024-04-26	f23	86	39
4	26	2024	2024-04-26	lf	38	0
4	26	2024	2024-04-26	s23	148	87
4	26	2024	2024-04-26	w23	300	149
4	27	2024	2024-04-27	f23	86	39
4	27	2024	2024-04-27	lf	38	0
4	27	2024	2024-04-27	s23	149	87
4	27	2024	2024-04-27	w23	300	150
4	28	2024	2024-04-28	f23	87	40
4	28	2024	2024-04-28	lf	39	0
4	28	2024	2024-04-28	s23	150	88
4	28	2024	2024-04-28	w23	300	151
4	29	2024	2024-04-29	f23	87	40
4	29	2024	2024-04-29	lf	39	0
4	29	2024	2024-04-29	s23	152	88
4	29	2024	2024-04-29	w23	300	153
4	30	2024	2024-04-30	f23	88	40
4	30	2024	2024-04-30	lf	39	0
4	30	2024	2024-04-30	s23	153	89
4	30	2024	2024-04-30	w23	300	154
5	1	2024	2024-05-01	f23	88	40
5	1	2024	2024-05-01	lf	39	0
5	1	2024	2024-05-01	s23	154	89
5	1	2024	2024-05-01	w23	300	155
5	2	2024	2024-05-02	f23	89	41
5	2	2024	2024-05-02	lf	40	0
5	2	2024	2024-05-02	s23	155	90
5	2	2024	2024-05-02	w23	300	156
5	3	2024	2024-05-03	f23	90	41
5	3	2024	2024-05-03	lf	40	0
5	3	2024	2024-05-03	s23	157	91
5	3	2024	2024-05-03	w23	300	158
5	4	2024	2024-05-04	f23	90	41
5	4	2024	2024-05-04	lf	40	0
5	4	2024	2024-05-04	s23	158	91
5	4	2024	2024-05-04	w23	300	159
5	5	2024	2024-05-05	f23	91	41
5	5	2024	2024-05-05	lf	40	0
5	5	2024	2024-05-05	s23	159	92
5	5	2024	2024-05-05	w23	300	160
5	6	2024	2024-05-06	f23	91	42
5	6	2024	2024-05-06	lf	41	0
5	6	2024	2024-05-06	s23	161	92
5	6	2024	2024-05-06	w23	300	162
5	7	2024	2024-05-07	f23	92	42
5	7	2024	2024-05-07	lf	41	0
5	7	2024	2024-05-07	s23	162	93
5	7	2024	2024-05-07	w23	300	163
5	8	2024	2024-05-08	f23	93	42
5	8	2024	2024-05-08	lf	41	0
5	8	2024	2024-05-08	s23	163	94
5	8	2024	2024-05-08	w23	300	164
5	9	2024	2024-05-09	f23	93	43
5	9	2024	2024-05-09	lf	42	0
5	9	2024	2024-05-09	s23	165	94
5	9	2024	2024-05-09	w23	300	166
5	10	2024	2024-05-10	f23	94	43
5	10	2024	2024-05-10	lf	42	0
5	10	2024	2024-05-10	s23	166	95
5	10	2024	2024-05-10	w23	300	167
5	11	2024	2024-05-11	f23	94	43
5	11	2024	2024-05-11	lf	42	0
5	11	2024	2024-05-11	s23	167	95
5	11	2024	2024-05-11	w23	300	168
5	12	2024	2024-05-12	f23	95	43
5	12	2024	2024-05-12	lf	42	0
5	12	2024	2024-05-12	s23	169	96
5	12	2024	2024-05-12	w23	300	170
5	13	2024	2024-05-13	f23	96	44
5	13	2024	2024-05-13	lf	43	0
5	13	2024	2024-05-13	s23	170	97
5	13	2024	2024-05-13	w23	300	171
5	14	2024	2024-05-14	f23	96	44
5	14	2024	2024-05-14	lf	43	0
5	14	2024	2024-05-14	s23	171	97
5	14	2024	2024-05-14	w23	300	172
5	15	2024	2024-05-15	f23	97	44
5	15	2024	2024-05-15	lf	43	0
5	15	2024	2024-05-15	s23	173	98
5	15	2024	2024-05-15	w23	300	174
5	16	2024	2024-05-16	f23	98	45
5	16	2024	2024-05-16	lf	44	0
5	16	2024	2024-05-16	s23	174	99
5	16	2024	2024-05-16	w23	300	175
5	17	2024	2024-05-17	f23	98	45
5	17	2024	2024-05-17	lf	44	0
5	17	2024	2024-05-17	s23	176	99
5	17	2024	2024-05-17	w23	300	177
5	18	2024	2024-05-18	f23	99	45
5	18	2024	2024-05-18	lf	44	0
5	18	2024	2024-05-18	s23	177	100
5	18	2024	2024-05-18	w23	300	178
5	19	2024	2024-05-19	f23	100	45
5	19	2024	2024-05-19	lf	44	0
5	19	2024	2024-05-19	s23	179	101
5	19	2024	2024-05-19	w23	300	180
5	20	2024	2024-05-20	f23	100	46
5	20	2024	2024-05-20	lf	45	0
5	20	2024	2024-05-20	s23	180	101
5	20	2024	2024-05-20	w23	300	181
5	21	2024	2024-05-21	f23	101	46
5	21	2024	2024-05-21	lf	45	0
5	21	2024	2024-05-21	s23	182	102
5	21	2024	2024-05-21	w23	300	183
5	22	2024	2024-05-22	f23	102	46
5	22	2024	2024-05-22	lf	45	0
5	22	2024	2024-05-22	s23	183	103
5	22	2024	2024-05-22	w23	300	184
5	23	2024	2024-05-23	f23	102	47
5	23	2024	2024-05-23	lf	46	0
5	23	2024	2024-05-23	s23	185	103
5	23	2024	2024-05-23	w23	300	186
5	24	2024	2024-05-24	f23	103	47
5	24	2024	2024-05-24	lf	46	0
5	24	2024	2024-05-24	s23	186	104
5	24	2024	2024-05-24	w23	300	187
5	25	2024	2024-05-25	f23	104	47
5	25	2024	2024-05-25	lf	46	0
5	25	2024	2024-05-25	s23	188	105
5	25	2024	2024-05-25	w23	300	189
5	26	2024	2024-05-26	f23	104	48
5	26	2024	2024-05-26	lf	47	0
5	26	2024	2024-05-26	s23	189	105
5	26	2024	2024-05-26	w23	300	190
5	27	2024	2024-05-27	f23	105	48
5	27	2024	2024-05-27	lf	47	0
5	27	2024	2024-05-27	s23	191	106
5	27	2024	2024-05-27	w23	300	192
5	28	2024	2024-05-28	f23	106	48
5	28	2024	2024-05-28	lf	47	0
5	28	2024	2024-05-28	s23	192	107
5	28	2024	2024-05-28	w23	300	193
5	29	2024	2024-05-29	f23	106	49
5	29	2024	2024-05-29	lf	48	0
5	29	2024	2024-05-29	s23	194	107
5	29	2024	2024-05-29	w23	300	195
5	30	2024	2024-05-30	f23	107	49
5	30	2024	2024-05-30	lf	48	0
5	30	2024	2024-05-30	s23	195	108
5	30	2024	2024-05-30	w23	300	196
5	31	2024	2024-05-31	f23	108	49
5	31	2024	2024-05-31	lf	48	0
5	31	2024	2024-05-31	s23	197	109
5	31	2024	2024-05-31	w23	300	198
6	1	2024	2024-06-01	f23	109	50
6	1	2024	2024-06-01	lf	49	0
6	1	2024	2024-06-01	s23	199	110
6	1	2024	2024-06-01	w23	300	200
6	2	2024	2024-06-02	f23	109	50
6	2	2024	2024-06-02	lf	49	0
6	2	2024	2024-06-02	s23	200	110
6	2	2024	2024-06-02	w23	300	201
6	3	2024	2024-06-03	f23	110	50
6	3	2024	2024-06-03	lf	49	0
6	3	2024	2024-06-03	s23	202	111
6	3	2024	2024-06-03	w23	300	203
6	4	2024	2024-06-04	f23	111	50
6	4	2024	2024-06-04	lf	49	0
6	4	2024	2024-06-04	s23	204	112
6	4	2024	2024-06-04	w23	300	205
6	5	2024	2024-06-05	f23	111	51
6	5	2024	2024-06-05	lf	50	0
6	5	2024	2024-06-05	s23	205	112
6	5	2024	2024-06-05	w23	300	206
6	6	2024	2024-06-06	f23	112	51
6	6	2024	2024-06-06	lf	50	0
6	6	2024	2024-06-06	s23	207	113
6	6	2024	2024-06-06	w23	300	208
6	7	2024	2024-06-07	f23	113	51
6	7	2024	2024-06-07	lf	50	0
6	7	2024	2024-06-07	s23	209	114
6	7	2024	2024-06-07	w23	300	210
6	8	2024	2024-06-08	f23	114	52
6	8	2024	2024-06-08	lf	51	0
6	8	2024	2024-06-08	s23	201	115
6	8	2024	2024-06-08	w23	300	211
6	9	2024	2024-06-09	f23	114	52
6	9	2024	2024-06-09	lf	51	0
6	9	2024	2024-06-09	s23	212	115
6	9	2024	2024-06-09	w23	300	213
6	10	2024	2024-06-10	f23	115	53
6	10	2024	2024-06-10	lf	52	0
6	10	2024	2024-06-10	s23	214	116
6	10	2024	2024-06-10	w23	300	215
6	11	2024	2024-06-11	f23	116	53
6	11	2024	2024-06-11	lf	52	0
6	11	2024	2024-06-11	s23	216	117
6	11	2024	2024-06-11	w23	300	217
6	12	2024	2024-06-12	f23	117	53
6	12	2024	2024-06-12	lf	52	0
6	12	2024	2024-06-12	s23	217	118
6	12	2024	2024-06-12	w23	300	218
6	13	2024	2024-06-13	f23	118	54
6	13	2024	2024-06-13	lf	53	0
6	13	2024	2024-06-13	s23	219	119
6	13	2024	2024-06-13	w23	300	220
6	14	2024	2024-06-14	f23	118	54
6	14	2024	2024-06-14	lf	53	0
6	14	2024	2024-06-14	s23	221	119
6	14	2024	2024-06-14	w23	300	222
6	15	2024	2024-06-15	f23	119	54
6	15	2024	2024-06-15	lf	53	0
6	15	2024	2024-06-15	s23	223	120
6	15	2024	2024-06-15	w23	300	224
6	16	2024	2024-06-16	f23	120	55
6	16	2024	2024-06-16	lf	54	0
6	16	2024	2024-06-16	s23	225	121
6	16	2024	2024-06-16	w23	300	226
6	17	2024	2024-06-17	f23	121	55
6	17	2024	2024-06-17	lf	54	0
6	17	2024	2024-06-17	s23	227	122
6	17	2024	2024-06-17	w23	300	228
6	18	2024	2024-06-18	f23	122	55
6	18	2024	2024-06-18	lf	54	0
6	18	2024	2024-06-18	s23	228	123
6	18	2024	2024-06-18	w23	300	229
6	19	2024	2024-06-19	f23	122	56
6	19	2024	2024-06-19	lf	55	0
6	19	2024	2024-06-19	s23	230	123
6	19	2024	2024-06-19	w23	300	231
6	20	2024	2024-06-20	f23	123	56
6	20	2024	2024-06-20	lf	55	0
6	20	2024	2024-06-20	s23	232	124
6	20	2024	2024-06-20	w23	300	233
6	21	2024	2024-06-21	f23	124	56
6	21	2024	2024-06-21	lf	55	0
6	21	2024	2024-06-21	s23	234	125
6	21	2024	2024-06-21	w23	300	235
6	22	2024	2024-06-22	f23	125	57
6	22	2024	2024-06-22	lf	56	0
6	22	2024	2024-06-22	s23	236	126
6	22	2024	2024-06-22	w23	300	237
6	23	2024	2024-06-23	f23	126	57
6	23	2024	2024-06-23	lf	56	0
6	23	2024	2024-06-23	s23	238	127
6	23	2024	2024-06-23	w23	300	239
6	24	2024	2024-06-24	f23	126	58
6	24	2024	2024-06-24	lf	57	0
6	24	2024	2024-06-24	s23	240	127
6	24	2024	2024-06-24	w23	300	241
6	25	2024	2024-06-25	f23	127	58
6	25	2024	2024-06-25	lf	57	0
6	25	2024	2024-06-25	s23	242	128
6	25	2024	2024-06-25	w23	300	243
6	26	2024	2024-06-26	f23	128	58
6	26	2024	2024-06-26	lf	57	0
6	26	2024	2024-06-26	s23	244	129
6	26	2024	2024-06-26	w23	300	245
6	27	2024	2024-06-27	f23	129	59
6	27	2024	2024-06-27	lf	58	0
6	27	2024	2024-06-27	s23	246	130
6	27	2024	2024-06-27	w23	300	247
6	28	2024	2024-06-28	f23	130	59
6	28	2024	2024-06-28	lf	58	0
6	28	2024	2024-06-28	s23	248	131
6	28	2024	2024-06-28	w23	300	249
6	29	2024	2024-06-29	f23	131	59
6	29	2024	2024-06-29	lf	58	0
6	29	2024	2024-06-29	s23	250	132
6	29	2024	2024-06-29	w23	300	251
6	30	2024	2024-06-30	f23	132	60
6	30	2024	2024-06-30	lf	59	0
6	30	2024	2024-06-30	s23	252	133
6	30	2024	2024-06-30	w23	300	253
7	1	2023	2023-07-01	f22	132	60
7	1	2023	2023-07-01	lf	59	36
7	1	2023	2023-07-01	s22	254	133
7	1	2023	2023-07-01	w22	300	255
7	1	2023	2023-07-01	w23	35	0
7	2	2023	2023-07-02	f22	133	61
7	2	2023	2023-07-02	lf	60	36
7	2	2023	2023-07-02	s22	256	134
7	2	2023	2023-07-02	w22	300	257
7	2	2023	2023-07-02	w23	35	0
7	3	2023	2023-07-03	f22	134	61
7	3	2023	2023-07-03	lf	60	36
7	3	2023	2023-07-03	s22	258	135
7	3	2023	2023-07-03	w22	300	259
7	3	2023	2023-07-03	w23	35	0
7	4	2023	2023-07-04	f22	135	61
7	4	2023	2023-07-04	lf	60	36
7	4	2023	2023-07-04	s22	260	136
7	4	2023	2023-07-04	w22	300	261
7	4	2023	2023-07-04	w23	35	0
7	5	2023	2023-07-05	f22	136	62
7	5	2023	2023-07-05	lf	61	37
7	5	2023	2023-07-05	s22	262	137
7	5	2023	2023-07-05	w22	300	263
7	5	2023	2023-07-05	w23	36	0
7	6	2023	2023-07-06	f22	137	62
7	6	2023	2023-07-06	lf	61	37
7	6	2023	2023-07-06	s22	265	138
7	6	2023	2023-07-06	w22	300	266
7	6	2023	2023-07-06	w23	36	0
7	7	2023	2023-07-07	f22	138	63
7	7	2023	2023-07-07	lf	62	37
7	7	2023	2023-07-07	s22	267	139
7	7	2023	2023-07-07	w22	300	268
7	7	2023	2023-07-07	w23	36	0
7	8	2023	2023-07-08	f22	139	63
7	8	2023	2023-07-08	lf	62	38
7	8	2023	2023-07-08	s22	269	140
7	8	2023	2023-07-08	w22	300	270
7	8	2023	2023-07-08	w23	37	0
7	9	2023	2023-07-09	f22	140	64
7	9	2023	2023-07-09	lf	63	38
7	9	2023	2023-07-09	s22	271	141
7	9	2023	2023-07-09	w22	300	272
7	9	2023	2023-07-09	w23	37	0
7	10	2023	2023-07-10	f22	141	64
7	10	2023	2023-07-10	lf	63	38
7	10	2023	2023-07-10	s22	273	142
7	10	2023	2023-07-10	w22	300	274
7	10	2023	2023-07-10	w23	37	0
7	11	2023	2023-07-11	f22	142	64
7	11	2023	2023-07-11	lf	63	38
7	11	2023	2023-07-11	s22	276	143
7	11	2023	2023-07-11	w22	300	277
7	11	2023	2023-07-11	w23	37	0
7	12	2023	2023-07-12	f22	142	65
7	12	2023	2023-07-12	lf	64	39
7	12	2023	2023-07-12	s22	278	143
7	12	2023	2023-07-12	w22	300	279
7	12	2023	2023-07-12	w23	38	0
7	13	2023	2023-07-13	f22	143	65
7	13	2023	2023-07-13	lf	64	39
7	13	2023	2023-07-13	s22	280	144
7	13	2023	2023-07-13	w22	300	281
7	13	2023	2023-07-13	w23	38	0
7	14	2023	2023-07-14	f22	144	66
7	14	2023	2023-07-14	lf	65	39
7	14	2023	2023-07-14	s22	283	145
7	14	2023	2023-07-14	w22	300	284
7	14	2023	2023-07-14	w23	38	0
7	15	2023	2023-07-15	f22	145	66
7	15	2023	2023-07-15	lf	65	40
7	15	2023	2023-07-15	s22	285	146
7	15	2023	2023-07-15	w22	300	286
7	15	2023	2023-07-15	w23	39	0
7	16	2023	2023-07-16	f22	146	67
7	16	2023	2023-07-16	lf	66	40
7	16	2023	2023-07-16	s22	287	147
7	16	2023	2023-07-16	w22	300	288
7	16	2023	2023-07-16	w23	39	0
7	17	2023	2023-07-17	f22	147	67
7	17	2023	2023-07-17	lf	66	40
7	17	2023	2023-07-17	s22	290	148
7	17	2023	2023-07-17	w22	300	291
7	17	2023	2023-07-17	w23	39	0
7	18	2023	2023-07-18	f22	148	67
7	18	2023	2023-07-18	lf	66	41
7	18	2023	2023-07-18	s22	292	149
7	18	2023	2023-07-18	w22	300	293
7	18	2023	2023-07-18	w23	40	0
7	19	2023	2023-07-19	f22	149	68
7	19	2023	2023-07-19	lf	67	41
7	19	2023	2023-07-19	s22	294	150
7	19	2023	2023-07-19	w22	300	295
7	19	2023	2023-07-19	w23	40	0
7	20	2023	2023-07-20	f22	150	68
7	20	2023	2023-07-20	lf	67	41
7	20	2023	2023-07-20	s22	297	151
7	20	2023	2023-07-20	w22	300	298
7	20	2023	2023-07-20	w23	40	0
7	21	2023	2023-07-21	f22	151	69
7	21	2023	2023-07-21	lf	68	42
7	21	2023	2023-07-21	s22	300	152
7	21	2023	2023-07-21	w23	41	0
7	22	2023	2023-07-22	f22	152	69
7	22	2023	2023-07-22	lf	68	42
7	22	2023	2023-07-22	s22	300	153
7	22	2023	2023-07-22	w23	41	0
7	23	2023	2023-07-23	f22	153	70
7	23	2023	2023-07-23	lf	69	42
7	23	2023	2023-07-23	s22	300	154
7	23	2023	2023-07-23	w23	41	0
7	24	2023	2023-07-24	f22	154	70
7	24	2023	2023-07-24	lf	69	43
7	24	2023	2023-07-24	s22	300	155
7	24	2023	2023-07-24	w23	42	0
7	25	2023	2023-07-25	f22	155	71
7	25	2023	2023-07-25	lf	70	43
7	25	2023	2023-07-25	s22	300	156
7	25	2023	2023-07-25	w23	42	0
7	26	2023	2023-07-26	f22	156	71
7	26	2023	2023-07-26	lf	70	43
7	26	2023	2023-07-26	s22	300	157
7	26	2023	2023-07-26	w23	42	0
7	27	2023	2023-07-27	f22	157	72
7	27	2023	2023-07-27	lf	71	44
7	27	2023	2023-07-27	s22	300	158
7	27	2023	2023-07-27	w23	43	0
7	28	2023	2023-07-28	f22	158	72
7	28	2023	2023-07-28	lf	71	44
7	28	2023	2023-07-28	s22	300	159
7	28	2023	2023-07-28	w23	43	0
7	29	2023	2023-07-29	f22	159	72
7	29	2023	2023-07-29	lf	71	44
7	29	2023	2023-07-29	s22	300	160
7	29	2023	2023-07-29	w23	43	0
7	30	2023	2023-07-30	f22	160	73
7	30	2023	2023-07-30	lf	72	45
7	30	2023	2023-07-30	s22	300	161
7	30	2023	2023-07-30	w23	44	0
7	31	2023	2023-07-31	f22	162	73
7	31	2023	2023-07-31	lf	72	45
7	31	2023	2023-07-31	s22	300	163
7	31	2023	2023-07-31	w23	44	0
8	1	2023	2023-08-01	f22	163	74
8	1	2023	2023-08-01	lf	73	45
8	1	2023	2023-08-01	s22	300	164
8	1	2023	2023-08-01	w23	44	0
8	2	2023	2023-08-02	f22	164	74
8	2	2023	2023-08-02	lf	73	46
8	2	2023	2023-08-02	s22	300	165
8	2	2023	2023-08-02	w23	45	0
8	3	2023	2023-08-03	f22	165	75
8	3	2023	2023-08-03	lf	74	46
8	3	2023	2023-08-03	s22	300	166
8	3	2023	2023-08-03	w23	45	0
8	4	2023	2023-08-04	f22	166	75
8	4	2023	2023-08-04	lf	74	47
8	4	2023	2023-08-04	s22	300	167
8	4	2023	2023-08-04	w23	46	0
8	5	2023	2023-08-05	f22	167	76
8	5	2023	2023-08-05	lf	75	47
8	5	2023	2023-08-05	s22	300	168
8	5	2023	2023-08-05	w23	46	0
8	6	2023	2023-08-06	f22	168	76
8	6	2023	2023-08-06	lf	75	47
8	6	2023	2023-08-06	s22	300	169
8	6	2023	2023-08-06	w23	46	0
8	7	2023	2023-08-07	f22	169	77
8	7	2023	2023-08-07	lf	76	48
8	7	2023	2023-08-07	s22	300	170
8	7	2023	2023-08-07	w23	47	0
8	8	2023	2023-08-08	f22	170	77
8	8	2023	2023-08-08	lf	76	48
8	8	2023	2023-08-08	s22	300	171
8	8	2023	2023-08-08	w23	47	0
8	9	2023	2023-08-09	f22	171	78
8	9	2023	2023-08-09	lf	77	48
8	9	2023	2023-08-09	s22	300	172
8	9	2023	2023-08-09	w23	47	0
8	10	2023	2023-08-10	f22	173	78
8	10	2023	2023-08-10	lf	77	49
8	10	2023	2023-08-10	s22	300	174
8	10	2023	2023-08-10	w23	48	0
8	11	2023	2023-08-11	f22	174	79
8	11	2023	2023-08-11	lf	78	49
8	11	2023	2023-08-11	s22	300	175
8	11	2023	2023-08-11	w23	48	0
8	12	2023	2023-08-12	f22	175	79
8	12	2023	2023-08-12	lf	78	50
8	12	2023	2023-08-12	s22	300	176
8	12	2023	2023-08-12	w23	49	0
8	13	2023	2023-08-13	f22	176	80
8	13	2023	2023-08-13	lf	79	50
8	13	2023	2023-08-13	s22	300	177
8	13	2023	2023-08-13	w23	49	0
8	14	2023	2023-08-14	f22	177	80
8	14	2023	2023-08-14	lf	79	50
8	14	2023	2023-08-14	s22	300	178
8	14	2023	2023-08-14	w23	49	0
8	15	2023	2023-08-15	f22	178	81
8	15	2023	2023-08-15	lf	80	51
8	15	2023	2023-08-15	s22	300	179
8	15	2023	2023-08-15	w23	50	0
8	16	2023	2023-08-16	f22	180	82
8	16	2023	2023-08-16	lf	81	51
8	16	2023	2023-08-16	s22	300	181
8	16	2023	2023-08-16	w23	50	0
8	17	2023	2023-08-17	f22	181	82
8	17	2023	2023-08-17	lf	81	52
8	17	2023	2023-08-17	s22	300	182
8	17	2023	2023-08-17	w23	51	0
8	18	2023	2023-08-18	f22	182	83
8	18	2023	2023-08-18	lf	82	52
8	18	2023	2023-08-18	s22	300	183
8	18	2023	2023-08-18	w23	51	0
8	19	2023	2023-08-19	f22	183	83
8	19	2023	2023-08-19	lf	82	52
8	19	2023	2023-08-19	s22	300	184
8	19	2023	2023-08-19	w23	51	0
8	20	2023	2023-08-20	f22	184	84
8	20	2023	2023-08-20	lf	83	53
8	20	2023	2023-08-20	s22	300	185
8	20	2023	2023-08-20	w23	52	0
8	21	2023	2023-08-21	f22	186	84
8	21	2023	2023-08-21	lf	83	53
8	21	2023	2023-08-21	s22	300	187
8	21	2023	2023-08-21	w23	52	0
8	22	2023	2023-08-22	f22	187	85
8	22	2023	2023-08-22	lf	84	54
8	22	2023	2023-08-22	s22	300	188
8	22	2023	2023-08-22	w23	53	0
8	23	2023	2023-08-23	f22	188	85
8	23	2023	2023-08-23	lf	84	54
8	23	2023	2023-08-23	s22	300	189
8	23	2023	2023-08-23	w23	53	0
8	24	2023	2023-08-24	f22	189	86
8	24	2023	2023-08-24	lf	85	55
8	24	2023	2023-08-24	s22	300	190
8	24	2023	2023-08-24	w23	54	0
8	25	2023	2023-08-25	f22	191	87
8	25	2023	2023-08-25	lf	86	55
8	25	2023	2023-08-25	s22	300	192
8	25	2023	2023-08-25	w23	54	0
8	26	2023	2023-08-26	f22	192	87
8	26	2023	2023-08-26	lf	86	55
8	26	2023	2023-08-26	s22	300	193
8	26	2023	2023-08-26	w23	54	0
8	27	2023	2023-08-27	f22	193	88
8	27	2023	2023-08-27	lf	87	56
8	27	2023	2023-08-27	s22	300	194
8	27	2023	2023-08-27	w23	55	0
8	28	2023	2023-08-28	f22	194	88
8	28	2023	2023-08-28	lf	87	56
8	28	2023	2023-08-28	s22	300	195
8	28	2023	2023-08-28	w23	55	0
8	29	2023	2023-08-29	f22	196	89
8	29	2023	2023-08-29	lf	88	57
8	29	2023	2023-08-29	s22	300	197
8	29	2023	2023-08-29	w23	56	0
8	30	2023	2023-08-30	f22	197	89
8	30	2023	2023-08-30	lf	88	57
8	30	2023	2023-08-30	s22	300	198
8	30	2023	2023-08-30	w23	56	0
8	31	2023	2023-08-31	f22	198	90
8	31	2023	2023-08-31	lf	89	58
8	31	2023	2023-08-31	s22	300	199
8	31	2023	2023-08-31	w23	57	0
9	1	2023	2023-09-01	f22	200	91
9	1	2023	2023-09-01	lf	90	58
9	1	2023	2023-09-01	s22	300	201
9	1	2023	2023-09-01	w23	57	0
9	2	2023	2023-09-02	f22	201	91
9	2	2023	2023-09-02	lf	90	59
9	2	2023	2023-09-02	s22	300	202
9	2	2023	2023-09-02	w23	58	0
9	3	2023	2023-09-03	f22	202	92
9	3	2023	2023-09-03	lf	91	59
9	3	2023	2023-09-03	s22	300	203
9	3	2023	2023-09-03	w23	58	0
9	4	2023	2023-09-04	f22	204	92
9	4	2023	2023-09-04	lf	91	60
9	4	2023	2023-09-04	s22	300	205
9	4	2023	2023-09-04	w23	59	0
9	5	2023	2023-09-05	f22	205	93
9	5	2023	2023-09-05	lf	92	60
9	5	2023	2023-09-05	s22	300	206
9	5	2023	2023-09-05	w23	59	0
9	6	2023	2023-09-06	f22	206	94
9	6	2023	2023-09-06	lf	93	61
9	6	2023	2023-09-06	s22	300	207
9	6	2023	2023-09-06	w23	60	0
9	7	2023	2023-09-07	f22	208	94
9	7	2023	2023-09-07	lf	93	61
9	7	2023	2023-09-07	s22	300	209
9	7	2023	2023-09-07	w23	60	0
9	8	2023	2023-09-08	f22	209	95
9	8	2023	2023-09-08	lf	94	62
9	8	2023	2023-09-08	s22	300	210
9	8	2023	2023-09-08	w23	61	0
9	9	2023	2023-09-09	f22	210	95
9	9	2023	2023-09-09	lf	94	62
9	9	2023	2023-09-09	s22	300	211
9	9	2023	2023-09-09	w23	61	0
9	10	2023	2023-09-10	f22	212	96
9	10	2023	2023-09-10	lf	95	63
9	10	2023	2023-09-10	s22	300	213
9	10	2023	2023-09-10	w23	62	0
9	11	2023	2023-09-11	f22	213	97
9	11	2023	2023-09-11	lf	96	63
9	11	2023	2023-09-11	s22	300	214
9	11	2023	2023-09-11	w23	62	0
9	12	2023	2023-09-12	f22	215	97
9	12	2023	2023-09-12	lf	96	64
9	12	2023	2023-09-12	s22	300	216
9	12	2023	2023-09-12	w23	63	0
9	13	2023	2023-09-13	f22	216	98
9	13	2023	2023-09-13	lf	97	64
9	13	2023	2023-09-13	s22	300	217
9	13	2023	2023-09-13	w23	63	0
9	14	2023	2023-09-14	f22	217	99
9	14	2023	2023-09-14	lf	98	65
9	14	2023	2023-09-14	s22	300	218
9	14	2023	2023-09-14	w23	64	0
9	15	2023	2023-09-15	f22	219	99
9	15	2023	2023-09-15	lf	98	65
9	15	2023	2023-09-15	s22	300	220
9	15	2023	2023-09-15	w23	64	0
9	16	2023	2023-09-16	f22	220	100
9	16	2023	2023-09-16	lf	99	66
9	16	2023	2023-09-16	s22	300	221
9	16	2023	2023-09-16	w23	65	0
9	17	2023	2023-09-17	f22	222	101
9	17	2023	2023-09-17	lf	100	66
9	17	2023	2023-09-17	s22	300	223
9	17	2023	2023-09-17	w23	65	0
9	18	2023	2023-09-18	f22	223	101
9	18	2023	2023-09-18	lf	100	67
9	18	2023	2023-09-18	s22	300	224
9	18	2023	2023-09-18	w23	66	0
9	19	2023	2023-09-19	f22	225	102
9	19	2023	2023-09-19	lf	101	67
9	19	2023	2023-09-19	s22	300	226
9	19	2023	2023-09-19	w23	66	0
9	20	2023	2023-09-20	f22	226	103
9	20	2023	2023-09-20	lf	102	68
9	20	2023	2023-09-20	s22	300	227
9	20	2023	2023-09-20	w23	67	0
9	21	2023	2023-09-21	f22	228	103
9	21	2023	2023-09-21	lf	102	68
9	21	2023	2023-09-21	s22	300	229
9	21	2023	2023-09-21	w23	67	0
9	22	2023	2023-09-22	f22	229	104
9	22	2023	2023-09-22	lf	103	69
9	22	2023	2023-09-22	s22	300	230
9	22	2023	2023-09-22	w23	68	0
9	23	2023	2023-09-23	f22	231	105
9	23	2023	2023-09-23	lf	104	69
9	23	2023	2023-09-23	s22	300	232
9	23	2023	2023-09-23	w23	68	0
9	24	2023	2023-09-24	f22	232	105
9	24	2023	2023-09-24	lf	104	70
9	24	2023	2023-09-24	s22	300	233
9	24	2023	2023-09-24	w23	69	0
9	25	2023	2023-09-25	f22	234	106
9	25	2023	2023-09-25	lf	105	71
9	25	2023	2023-09-25	s22	300	235
9	25	2023	2023-09-25	w23	70	0
9	26	2023	2023-09-26	f22	235	107
9	26	2023	2023-09-26	lf	106	71
9	26	2023	2023-09-26	s22	300	236
9	26	2023	2023-09-26	w23	70	0
9	27	2023	2023-09-27	f22	237	107
9	27	2023	2023-09-27	lf	106	72
9	27	2023	2023-09-27	s22	300	238
9	27	2023	2023-09-27	w23	71	0
9	28	2023	2023-09-28	f22	238	108
9	28	2023	2023-09-28	lf	107	72
9	28	2023	2023-09-28	s22	300	239
9	28	2023	2023-09-28	w23	71	0
9	29	2023	2023-09-29	f22	240	109
9	29	2023	2023-09-29	lf	108	73
9	29	2023	2023-09-29	s22	300	241
9	29	2023	2023-09-29	w23	72	0
9	30	2023	2023-09-30	f22	242	110
9	30	2023	2023-09-30	lf	109	73
9	30	2023	2023-09-30	s22	300	243
9	30	2023	2023-09-30	w23	72	0
10	1	2023	2023-10-01	f22	243	110
10	1	2023	2023-10-01	lf	109	74
10	1	2023	2023-10-01	s22	300	244
10	1	2023	2023-10-01	w23	73	0
10	2	2023	2023-10-02	f22	245	111
10	2	2023	2023-10-02	lf	110	75
10	2	2023	2023-10-02	s22	300	246
10	2	2023	2023-10-02	w23	74	0
10	3	2023	2023-10-03	f22	246	112
10	3	2023	2023-10-03	lf	111	75
10	3	2023	2023-10-03	s22	300	247
10	3	2023	2023-10-03	w23	74	0
10	4	2023	2023-10-04	f22	248	112
10	4	2023	2023-10-04	lf	111	76
10	4	2023	2023-10-04	s22	300	249
10	4	2023	2023-10-04	w23	75	0
10	5	2023	2023-10-05	f22	250	113
10	5	2023	2023-10-05	lf	112	76
10	5	2023	2023-10-05	s22	300	251
10	5	2023	2023-10-05	w23	75	0
10	6	2023	2023-10-06	f22	251	114
10	6	2023	2023-10-06	lf	113	77
10	6	2023	2023-10-06	s22	300	252
10	6	2023	2023-10-06	w23	76	0
10	7	2023	2023-10-07	f22	253	115
10	7	2023	2023-10-07	lf	114	78
10	7	2023	2023-10-07	s22	300	254
10	7	2023	2023-10-07	w23	77	0
10	8	2023	2023-10-08	f22	255	115
10	8	2023	2023-10-08	lf	114	78
10	8	2023	2023-10-08	s22	300	256
10	8	2023	2023-10-08	w23	77	0
10	9	2023	2023-10-09	f22	256	116
10	9	2023	2023-10-09	lf	115	79
10	9	2023	2023-10-09	s22	300	257
10	9	2023	2023-10-09	w23	78	0
10	10	2023	2023-10-10	f22	258	117
10	10	2023	2023-10-10	lf	116	80
10	10	2023	2023-10-10	s22	300	259
10	10	2023	2023-10-10	w23	79	0
10	11	2023	2023-10-11	f22	260	118
10	11	2023	2023-10-11	lf	117	80
10	11	2023	2023-10-11	s22	300	261
10	11	2023	2023-10-11	w23	79	0
10	12	2023	2023-10-12	f22	261	119
10	12	2023	2023-10-12	lf	118	81
10	12	2023	2023-10-12	s22	300	262
10	12	2023	2023-10-12	s23	29	0
10	12	2023	2023-10-12	w23	80	30
10	13	2023	2023-10-13	f22	263	119
10	13	2023	2023-10-13	lf	118	82
10	13	2023	2023-10-13	s22	300	264
10	13	2023	2023-10-13	s23	29	0
10	13	2023	2023-10-13	w23	81	30
10	14	2023	2023-10-14	f22	265	120
10	14	2023	2023-10-14	lf	119	82
10	14	2023	2023-10-14	s22	300	266
10	14	2023	2023-10-14	s23	30	0
10	14	2023	2023-10-14	w23	81	31
10	15	2023	2023-10-15	f22	267	121
10	15	2023	2023-10-15	lf	120	83
10	15	2023	2023-10-15	s22	300	268
10	15	2023	2023-10-15	s23	30	0
10	15	2023	2023-10-15	w23	82	31
10	16	2023	2023-10-16	f22	268	122
10	16	2023	2023-10-16	lf	121	84
10	16	2023	2023-10-16	s22	300	269
10	16	2023	2023-10-16	s23	30	0
10	16	2023	2023-10-16	w23	83	31
10	17	2023	2023-10-17	f22	269	123
10	17	2023	2023-10-17	lf	122	84
10	17	2023	2023-10-17	s22	300	270
10	17	2023	2023-10-17	s23	30	0
10	17	2023	2023-10-17	w23	83	31
10	18	2023	2023-10-18	f22	270	123
10	18	2023	2023-10-18	lf	122	85
10	18	2023	2023-10-18	s23	31	0
10	18	2023	2023-10-18	w23	84	32
10	19	2023	2023-10-19	f22	270	124
10	19	2023	2023-10-19	lf	123	86
10	19	2023	2023-10-19	s23	31	0
10	19	2023	2023-10-19	w23	85	32
10	20	2023	2023-10-20	f22	270	125
10	20	2023	2023-10-20	lf	124	86
10	20	2023	2023-10-20	s23	31	0
10	20	2023	2023-10-20	w23	85	32
10	21	2023	2023-10-21	f22	270	126
10	21	2023	2023-10-21	lf	125	87
10	21	2023	2023-10-21	s23	31	0
10	21	2023	2023-10-21	w23	86	32
10	22	2023	2023-10-22	f22	270	127
10	22	2023	2023-10-22	lf	126	88
10	22	2023	2023-10-22	s23	32	0
10	22	2023	2023-10-22	w23	87	33
10	23	2023	2023-10-23	f22	270	127
10	23	2023	2023-10-23	lf	126	88
10	23	2023	2023-10-23	s23	32	0
10	23	2023	2023-10-23	w23	87	33
10	24	2023	2023-10-24	f22	270	128
10	24	2023	2023-10-24	lf	127	89
10	24	2023	2023-10-24	s23	32	0
10	24	2023	2023-10-24	w23	88	33
10	25	2023	2023-10-25	f22	270	129
10	25	2023	2023-10-25	lf	128	90
10	25	2023	2023-10-25	s23	32	0
10	25	2023	2023-10-25	w23	89	33
10	26	2023	2023-10-26	f22	270	130
10	26	2023	2023-10-26	lf	129	91
10	26	2023	2023-10-26	s23	33	0
10	26	2023	2023-10-26	w23	90	34
10	27	2023	2023-10-27	f22	270	131
10	27	2023	2023-10-27	lf	130	91
10	27	2023	2023-10-27	s23	33	0
10	27	2023	2023-10-27	w23	90	34
10	28	2023	2023-10-28	f22	270	132
10	28	2023	2023-10-28	lf	131	92
10	28	2023	2023-10-28	s23	33	0
10	28	2023	2023-10-28	w23	91	34
10	29	2023	2023-10-29	f22	270	133
10	29	2023	2023-10-29	lf	132	93
10	29	2023	2023-10-29	s23	34	0
10	29	2023	2023-10-29	w23	92	35
10	30	2023	2023-10-30	f22	270	133
10	30	2023	2023-10-30	lf	132	94
10	30	2023	2023-10-30	s23	34	0
10	30	2023	2023-10-30	w23	93	35
10	31	2023	2023-10-31	f22	270	134
10	31	2023	2023-10-31	lf	133	94
10	31	2023	2023-10-31	s23	34	0
10	31	2023	2023-10-31	w23	93	35
11	1	2023	2023-11-01	f22	270	135
11	1	2023	2023-11-01	lf	134	95
11	1	2023	2023-11-01	s23	34	0
11	1	2023	2023-11-01	w23	94	35
11	2	2023	2023-11-02	f22	270	136
11	2	2023	2023-11-02	lf	135	96
11	2	2023	2023-11-02	s23	35	0
11	2	2023	2023-11-02	w23	95	36
11	3	2023	2023-11-03	f22	270	137
11	3	2023	2023-11-03	lf	136	97
11	3	2023	2023-11-03	s23	35	0
11	3	2023	2023-11-03	w23	96	36
11	4	2023	2023-11-04	f22	270	138
11	4	2023	2023-11-04	lf	137	97
11	4	2023	2023-11-04	s23	35	0
11	4	2023	2023-11-04	w23	96	36
11	5	2023	2023-11-05	f22	270	139
11	5	2023	2023-11-05	lf	138	98
11	5	2023	2023-11-05	s23	36	0
11	5	2023	2023-11-05	w23	97	37
11	6	2023	2023-11-06	f22	270	140
11	6	2023	2023-11-06	lf	139	99
11	6	2023	2023-11-06	s23	36	0
11	6	2023	2023-11-06	w23	98	37
11	7	2023	2023-11-07	f22	270	141
11	7	2023	2023-11-07	lf	140	100
11	7	2023	2023-11-07	s23	36	0
11	7	2023	2023-11-07	w23	99	37
11	8	2023	2023-11-08	f22	270	142
11	8	2023	2023-11-08	lf	141	101
11	8	2023	2023-11-08	s23	37	0
11	8	2023	2023-11-08	w23	100	38
11	9	2023	2023-11-09	f22	270	143
11	9	2023	2023-11-09	lf	142	101
11	9	2023	2023-11-09	s23	37	0
11	9	2023	2023-11-09	w23	100	38
11	10	2023	2023-11-10	f22	270	143
11	10	2023	2023-11-10	lf	142	102
11	10	2023	2023-11-10	s23	37	0
11	10	2023	2023-11-10	w23	101	38
11	11	2023	2023-11-11	f22	270	144
11	11	2023	2023-11-11	lf	143	103
11	11	2023	2023-11-11	s23	37	0
11	11	2023	2023-11-11	w23	102	38
11	12	2023	2023-11-12	f22	270	145
11	12	2023	2023-11-12	lf	144	104
11	12	2023	2023-11-12	s23	38	0
11	12	2023	2023-11-12	w23	103	39
11	13	2023	2023-11-13	f22	270	146
11	13	2023	2023-11-13	lf	145	105
11	13	2023	2023-11-13	s23	38	0
11	13	2023	2023-11-13	w23	104	39
11	14	2023	2023-11-14	f22	270	147
11	14	2023	2023-11-14	lf	146	106
11	14	2023	2023-11-14	s23	38	0
11	14	2023	2023-11-14	w23	105	39
11	15	2023	2023-11-15	f22	270	148
11	15	2023	2023-11-15	lf	147	106
11	15	2023	2023-11-15	s23	39	0
11	15	2023	2023-11-15	w23	105	40
11	16	2023	2023-11-16	f22	270	149
11	16	2023	2023-11-16	lf	148	107
11	16	2023	2023-11-16	s23	39	0
11	16	2023	2023-11-16	w23	106	40
11	17	2023	2023-11-17	f22	270	150
11	17	2023	2023-11-17	lf	149	108
11	17	2023	2023-11-17	s23	39	0
11	17	2023	2023-11-17	w23	107	40
11	18	2023	2023-11-18	f22	270	151
11	18	2023	2023-11-18	lf	150	109
11	18	2023	2023-11-18	s23	40	0
11	18	2023	2023-11-18	w23	108	41
11	19	2023	2023-11-19	f22	270	152
11	19	2023	2023-11-19	lf	151	110
11	19	2023	2023-11-19	s23	40	0
11	19	2023	2023-11-19	w23	109	41
11	20	2023	2023-11-20	f22	270	153
11	20	2023	2023-11-20	lf	152	111
11	20	2023	2023-11-20	s23	40	0
11	20	2023	2023-11-20	w23	110	41
11	21	2023	2023-11-21	f22	270	154
11	21	2023	2023-11-21	lf	153	112
11	21	2023	2023-11-21	s23	41	0
11	21	2023	2023-11-21	w23	111	42
11	22	2023	2023-11-22	f22	270	155
11	22	2023	2023-11-22	lf	154	113
11	22	2023	2023-11-22	s23	41	0
11	22	2023	2023-11-22	w23	112	42
11	23	2023	2023-11-23	f22	270	156
11	23	2023	2023-11-23	lf	155	114
11	23	2023	2023-11-23	s23	41	0
11	23	2023	2023-11-23	w23	113	42
11	24	2023	2023-11-24	f22	270	157
11	24	2023	2023-11-24	lf	156	114
11	24	2023	2023-11-24	s23	42	0
11	24	2023	2023-11-24	w23	113	43
11	25	2023	2023-11-25	f22	270	158
11	25	2023	2023-11-25	lf	157	115
11	25	2023	2023-11-25	s23	42	0
11	25	2023	2023-11-25	w23	114	43
11	26	2023	2023-11-26	f22	270	159
11	26	2023	2023-11-26	lf	158	116
11	26	2023	2023-11-26	s23	42	0
11	26	2023	2023-11-26	w23	115	43
11	27	2023	2023-11-27	f22	270	160
11	27	2023	2023-11-27	lf	159	117
11	27	2023	2023-11-27	s23	43	0
11	27	2023	2023-11-27	w23	116	44
11	28	2023	2023-11-28	f22	270	161
11	28	2023	2023-11-28	lf	160	118
11	28	2023	2023-11-28	s23	43	0
11	28	2023	2023-11-28	w23	117	44
11	29	2023	2023-11-29	f22	270	163
11	29	2023	2023-11-29	lf	162	119
11	29	2023	2023-11-29	s23	44	0
11	29	2023	2023-11-29	w23	118	45
11	30	2023	2023-11-30	f22	270	164
11	30	2023	2023-11-30	lf	163	120
11	30	2023	2023-11-30	s23	44	0
11	30	2023	2023-11-30	w23	119	45
12	1	2023	2023-12-01	f22	270	165
12	1	2023	2023-12-01	f23	32	0
12	1	2023	2023-12-01	lf	164	121
12	1	2023	2023-12-01	s23	44	33
12	1	2023	2023-12-01	w23	120	45
12	2	2023	2023-12-02	f22	270	166
12	2	2023	2023-12-02	f23	32	0
12	2	2023	2023-12-02	lf	165	122
12	2	2023	2023-12-02	s23	45	33
12	2	2023	2023-12-02	w23	121	46
12	3	2023	2023-12-03	f22	270	167
12	3	2023	2023-12-03	f23	33	0
12	3	2023	2023-12-03	lf	166	123
12	3	2023	2023-12-03	s23	45	34
12	3	2023	2023-12-03	w23	122	46
12	4	2023	2023-12-04	f22	270	168
12	4	2023	2023-12-04	f23	33	0
12	4	2023	2023-12-04	lf	167	124
12	4	2023	2023-12-04	s23	45	34
12	4	2023	2023-12-04	w23	123	46
12	5	2023	2023-12-05	f22	270	169
12	5	2023	2023-12-05	f23	33	0
12	5	2023	2023-12-05	lf	168	125
12	5	2023	2023-12-05	s23	46	34
12	5	2023	2023-12-05	w23	124	47
12	6	2023	2023-12-06	f22	270	170
12	6	2023	2023-12-06	f23	33	0
12	6	2023	2023-12-06	lf	169	126
12	6	2023	2023-12-06	s23	46	34
12	6	2023	2023-12-06	w23	125	47
12	7	2023	2023-12-07	f22	270	171
12	7	2023	2023-12-07	f23	33	0
12	7	2023	2023-12-07	lf	170	127
12	7	2023	2023-12-07	s23	47	34
12	7	2023	2023-12-07	w23	126	48
12	8	2023	2023-12-08	f22	270	172
12	8	2023	2023-12-08	f23	34	0
12	8	2023	2023-12-08	lf	171	128
12	8	2023	2023-12-08	s23	47	35
12	8	2023	2023-12-08	w23	127	48
12	9	2023	2023-12-09	f22	270	174
12	9	2023	2023-12-09	f23	34	0
12	9	2023	2023-12-09	lf	173	129
12	9	2023	2023-12-09	s23	47	35
12	9	2023	2023-12-09	w23	128	48
12	10	2023	2023-12-10	f22	270	175
12	10	2023	2023-12-10	f23	34	0
12	10	2023	2023-12-10	lf	174	130
12	10	2023	2023-12-10	s23	48	35
12	10	2023	2023-12-10	w23	129	49
12	11	2023	2023-12-11	f22	270	176
12	11	2023	2023-12-11	f23	34	0
12	11	2023	2023-12-11	lf	175	131
12	11	2023	2023-12-11	s23	48	35
12	11	2023	2023-12-11	w23	130	49
12	12	2023	2023-12-12	f22	270	177
12	12	2023	2023-12-12	f23	35	0
12	12	2023	2023-12-12	lf	176	132
12	12	2023	2023-12-12	s23	49	36
12	12	2023	2023-12-12	w23	131	50
12	13	2023	2023-12-13	f22	270	178
12	13	2023	2023-12-13	f23	35	0
12	13	2023	2023-12-13	lf	177	133
12	13	2023	2023-12-13	s23	49	36
12	13	2023	2023-12-13	w23	132	50
12	14	2023	2023-12-14	f22	270	179
12	14	2023	2023-12-14	f23	35	0
12	14	2023	2023-12-14	lf	178	135
12	14	2023	2023-12-14	s23	49	36
12	14	2023	2023-12-14	w23	134	50
12	15	2023	2023-12-15	f22	270	181
12	15	2023	2023-12-15	f23	35	0
12	15	2023	2023-12-15	lf	180	136
12	15	2023	2023-12-15	s23	50	36
12	15	2023	2023-12-15	w23	135	51
12	16	2023	2023-12-16	f22	270	182
12	16	2023	2023-12-16	f23	36	0
12	16	2023	2023-12-16	lf	181	137
12	16	2023	2023-12-16	s23	50	37
12	16	2023	2023-12-16	w23	136	51
12	17	2023	2023-12-17	f22	270	183
12	17	2023	2023-12-17	f23	36	0
12	17	2023	2023-12-17	lf	182	138
12	17	2023	2023-12-17	s23	51	37
12	17	2023	2023-12-17	w23	137	52
12	18	2023	2023-12-18	f22	270	184
12	18	2023	2023-12-18	f23	36	0
12	18	2023	2023-12-18	lf	183	139
12	18	2023	2023-12-18	s23	51	37
12	18	2023	2023-12-18	w23	138	52
12	19	2023	2023-12-19	f22	270	185
12	19	2023	2023-12-19	f23	36	0
12	19	2023	2023-12-19	lf	184	140
12	19	2023	2023-12-19	s23	51	37
12	19	2023	2023-12-19	w23	139	52
12	20	2023	2023-12-20	f22	270	187
12	20	2023	2023-12-20	f23	37	0
12	20	2023	2023-12-20	lf	186	141
12	20	2023	2023-12-20	s23	52	38
12	20	2023	2023-12-20	w23	140	53
12	21	2023	2023-12-21	f22	270	188
12	21	2023	2023-12-21	f23	37	0
12	21	2023	2023-12-21	lf	187	142
12	21	2023	2023-12-21	s23	52	38
12	21	2023	2023-12-21	w23	141	53
12	22	2023	2023-12-22	f22	270	189
12	22	2023	2023-12-22	f23	37	0
12	22	2023	2023-12-22	lf	188	144
12	22	2023	2023-12-22	s23	53	38
12	22	2023	2023-12-22	w23	143	54
12	23	2023	2023-12-23	f22	270	190
12	23	2023	2023-12-23	f23	37	0
12	23	2023	2023-12-23	lf	189	145
12	23	2023	2023-12-23	s23	53	38
12	23	2023	2023-12-23	w23	144	54
12	24	2023	2023-12-24	f22	270	192
12	24	2023	2023-12-24	f23	38	0
12	24	2023	2023-12-24	lf	191	146
12	24	2023	2023-12-24	s23	54	39
12	24	2023	2023-12-24	w23	145	55
12	25	2023	2023-12-25	f22	270	193
12	25	2023	2023-12-25	f23	38	0
12	25	2023	2023-12-25	lf	192	147
12	25	2023	2023-12-25	s23	54	39
12	25	2023	2023-12-25	w23	146	55
12	26	2023	2023-12-26	f22	270	194
12	26	2023	2023-12-26	f23	38	0
12	26	2023	2023-12-26	lf	193	148
12	26	2023	2023-12-26	s23	55	39
12	26	2023	2023-12-26	w23	147	56
12	27	2023	2023-12-27	f22	270	195
12	27	2023	2023-12-27	f23	38	0
12	27	2023	2023-12-27	lf	194	149
12	27	2023	2023-12-27	s23	55	39
12	27	2023	2023-12-27	w23	148	56
12	28	2023	2023-12-28	f22	270	197
12	28	2023	2023-12-28	f23	39	0
12	28	2023	2023-12-28	lf	196	151
12	28	2023	2023-12-28	s23	55	40
12	28	2023	2023-12-28	w23	150	56
12	29	2023	2023-12-29	f22	270	198
12	29	2023	2023-12-29	f23	39	0
12	29	2023	2023-12-29	lf	197	152
12	29	2023	2023-12-29	s23	56	40
12	29	2023	2023-12-29	w23	151	57
12	30	2023	2023-12-30	f22	270	199
12	30	2023	2023-12-30	f23	39	0
12	30	2023	2023-12-30	lf	198	153
12	30	2023	2023-12-30	s23	56	40
12	30	2023	2023-12-30	w23	152	57
12	31	2023	2023-12-31	f22	270	201
12	31	2023	2023-12-31	f23	39	0
12	31	2023	2023-12-31	lf	200	154
12	31	2023	2023-12-31	s23	57	40
12	31	2023	2023-12-31	w23	153	58
